#col	row	gain	offset
0	0	3057.73	0
0	1	3022.27	0
0	2	3130.4	0
0	3	2970.47	0
0	4	3041.19	0
0	5	3525.55	0
0	6	-1	-1
0	7	3121.58	0
0	8	3113.3	0
0	9	3018.38	0
0	10	2945.39	0
0	11	3520.5	0
0	12	-1	-1
0	13	3197.33	0
0	14	3054.29	0
0	15	3124.12	0
0	16	3106.85	0
0	17	3255.98	0
0	18	-1	-1
0	19	3197	0
0	20	3104.98	0
0	21	3073.4	0
0	22	2970.52	0
0	23	3027.38	0
0	24	2952.96	0
0	25	3124.7	0
0	26	3010.06	0
0	27	3150.52	0
0	28	2976.49	0
0	29	3110.31	0
0	30	3020.42	0
0	31	3036.32	0
1	0	3053.84	0
1	1	3001.62	0
1	2	3072.49	0
1	3	3021.05	0
1	4	3074.43	0
1	5	2906.5	0
1	6	3369.49	0
1	7	-1	-1
1	8	3109.92	0
1	9	2997.8	0
1	10	3058.6	0
1	11	2975.7	0
1	12	3154.84	0
1	13	2923.41	0
1	14	3060.15	0
1	15	2983.78	0
1	16	3068.23	0
1	17	2976.23	0
1	18	3277.86	0
1	19	3018.87	0
1	20	3149.87	0
1	21	3114.96	0
1	22	3041.94	0
1	23	2923.91	0
1	24	3039.68	0
1	25	2992.94	0
1	26	2994.3	0
1	27	3028.35	0
1	28	3077.04	0
1	29	2988.06	0
1	30	3081.93	0
1	31	2974.55	0
2	0	2997.26	0
2	1	2921.61	0
2	2	2985.65	0
2	3	3053.27	0
2	4	2882.45	0
2	5	3166.52	0
2	6	2974.29	0
2	7	3018.35	0
2	8	3008.87	0
2	9	3092.15	0
2	10	2905.62	0
2	11	3048.44	0
2	12	2915.2	0
2	13	3091.18	0
2	14	3034.99	0
2	15	3045.24	0
2	16	2937.16	0
2	17	3153.51	0
2	18	3008.41	0
2	19	3031.86	0
2	20	3028.58	0
2	21	3117.66	0
2	22	2943.27	0
2	23	3056.14	0
2	24	2887.77	0
2	25	3079.7	0
2	26	3011.35	0
2	27	3043.92	0
2	28	2936.51	0
2	29	3019.37	0
2	30	2968.07	0
2	31	3063.22	0
3	0	2996.97	0
3	1	3000.05	0
3	2	2949.85	0
3	3	3032.42	0
3	4	3180.36	0
3	5	2951.75	0
3	6	3038.96	0
3	7	3037.69	0
3	8	2996.36	0
3	9	-1	-1
3	10	3012.06	0
3	11	2910.75	0
3	12	3057.27	0
3	13	2956.97	0
3	14	3053.71	0
3	15	2999.56	0
3	16	3134.32	0
3	17	2998.3	0
3	18	3012.31	0
3	19	3061.52	0
3	20	3006.25	0
3	21	2989.54	0
3	22	3036.36	0
3	23	2952.25	0
3	24	3035.32	0
3	25	3014.96	0
3	26	3066.51	0
3	27	2987.95	0
3	28	3076.85	0
3	29	2948.54	0
3	30	3058.46	0
3	31	3138.51	0
4	0	3028.28	0
4	1	3078.31	0
4	2	3016.28	0
4	3	2948.72	0
4	4	2974.49	0
4	5	3022.66	0
4	6	2866.57	0
4	7	3164.85	0
4	8	3034.85	0
4	9	3024.87	0
4	10	2903.17	0
4	11	3080.78	0
4	12	2918.46	0
4	13	3031.19	0
4	14	2896.57	0
4	15	3053.65	0
4	16	3080.56	0
4	17	3023.76	0
4	18	2885.36	0
4	19	3169.62	0
4	20	3050.77	0
4	21	3022.87	0
4	22	2969.53	0
4	23	3064.69	0
4	24	2910.02	0
4	25	3015.9	0
4	26	3018.62	0
4	27	3114.92	0
4	28	2985.52	0
4	29	3060.64	0
4	30	2985.94	0
4	31	3000.65	0
5	0	3018.33	0
5	1	3002.24	0
5	2	2948.17	0
5	3	2946.07	0
5	4	3092.99	0
5	5	2914.94	0
5	6	3155.12	0
5	7	-1	-1
5	8	3085.9	0
5	9	2959.25	0
5	10	2995.35	0
5	11	2931.59	0
5	12	2986.73	0
5	13	3063.34	0
5	14	3093.9	0
5	15	2934.19	0
5	16	3133.21	0
5	17	2904.65	0
5	18	3136.53	0
5	19	3054.27	0
5	20	3070.45	0
5	21	3021.53	0
5	22	2979.05	0
5	23	2927.83	0
5	24	3002.57	0
5	25	2985.98	0
5	26	3107.95	0
5	27	2946.95	0
5	28	3002.71	0
5	29	2979.7	0
5	30	3075.91	0
5	31	3025.27	0
6	0	2966.06	0
6	1	2904.54	0
6	2	3069.83	0
6	3	3028.41	0
6	4	2925.57	0
6	5	3110.36	0
6	6	2982.73	0
6	7	3003	0
6	8	3028.81	0
6	9	2979.8	0
6	10	2906.82	0
6	11	2984.56	0
6	12	2930.07	0
6	13	3046.92	0
6	14	3025.73	0
6	15	3083.36	0
6	16	2907.57	0
6	17	3092.21	0
6	18	3076.5	0
6	19	2995.46	0
6	20	3115.72	0
6	21	3075.85	0
6	22	2949.76	0
6	23	2997.74	0
6	24	2912.23	0
6	25	3048.31	0
6	26	3020.84	0
6	27	3091.05	0
6	28	2938.91	0
6	29	3061.79	0
6	30	2937.7	0
6	31	3030.41	0
7	0	2965.94	0
7	1	2968.04	0
7	2	2949.03	0
7	3	2994.98	0
7	4	3065	0
7	5	2964.55	0
7	6	3092.58	0
7	7	2998.64	0
7	8	2941.93	0
7	9	2984.77	0
7	10	2948.61	0
7	11	2928.21	0
7	12	2956.09	0
7	13	2985.97	0
7	14	3097.77	0
7	15	3075.49	0
7	16	3109.36	0
7	17	3084.62	0
7	18	3121.54	0
7	19	3064.71	0
7	20	3001.07	0
7	21	3017.33	0
7	22	2993.68	0
7	23	2960.61	0
7	24	3000.07	0
7	25	2935.56	0
7	26	3046.5	0
7	27	3044.96	0
7	28	3028.29	0
7	29	2951.02	0
7	30	2970.81	0
7	31	3150.09	0
8	0	2989.64	0
8	1	2972.1	0
8	2	3007.96	0
8	3	2903.12	0
8	4	2956.39	0
8	5	3117.8	0
8	6	2975.61	0
8	7	2980.63	0
8	8	2915.22	0
8	9	2909.72	0
8	10	2936	0
8	11	2988.05	0
8	12	2957.12	0
8	13	3066.18	0
8	14	2981.34	0
8	15	3029.88	0
8	16	3066.97	0
8	17	3105.86	0
8	18	2981.47	0
8	19	3077.85	0
8	20	3078.18	0
8	21	2984.26	0
8	22	2965.27	0
8	23	3003.48	0
8	24	2948.62	0
8	25	3114.35	0
8	26	2975.11	0
8	27	2948.48	0
8	28	2981.82	0
8	29	3034.62	0
8	30	2976.97	0
8	31	2991.6	0
9	0	3056.31	0
9	1	2992.42	0
9	2	3005.89	0
9	3	3036.2	0
9	4	3142.06	0
9	5	2964.35	0
9	6	3084.06	0
9	7	3006.57	0
9	8	2940.27	0
9	9	3009.57	0
9	10	3033.58	0
9	11	3055.79	0
9	12	2948.77	0
9	13	3073.5	0
9	14	3091.81	0
9	15	3055.41	0
9	16	3175.1	0
9	17	3071.54	0
9	18	3119.6	0
9	19	3078.55	0
9	20	3049.33	0
9	21	3093.69	0
9	22	2966.02	0
9	23	2967.48	0
9	24	3016.14	0
9	25	3069.23	0
9	26	3094.12	0
9	27	2975.05	0
9	28	2990.75	0
9	29	2976.17	0
9	30	3042.97	0
9	31	3089.53	0
10	0	3010.41	0
10	1	2917.92	0
10	2	3004.45	0
10	3	2992.64	0
10	4	2986.96	0
10	5	2959.34	0
10	6	2994.26	0
10	7	2948.11	0
10	8	2993.99	0
10	9	3083.92	0
10	10	3443.21	0
10	11	-1	-1
10	12	3303.72	0
10	13	3182.9	0
10	14	3209.75	0
10	15	3102.98	0
10	16	3360.54	0
10	17	-1	-1
10	18	3529.58	0
10	19	3167.52	0
10	20	3217.89	0
10	21	3104.35	0
10	22	2987.26	0
10	23	2985.36	0
10	24	2972.66	0
10	25	3027.67	0
10	26	3071.48	0
10	27	3058.78	0
10	28	3013.18	0
10	29	2989.44	0
10	30	2944.94	0
10	31	3019.88	0
11	0	2961.68	0
11	1	3028.27	0
11	2	2943.54	0
11	3	3331.78	0
11	4	714.503	0
11	5	3079.09	0
11	6	3080.51	0
11	7	3058.14	0
11	8	2964.2	0
11	9	3126.47	0
11	10	2981.47	0
11	11	3205.92	0
11	12	3030.18	0
11	13	3037.48	0
11	14	2964.76	0
11	15	3056.83	0
11	16	2993.89	0
11	17	3213.02	0
11	18	3163.98	0
11	19	3168.58	0
11	20	3018.45	0
11	21	3149.82	0
11	22	2985.17	0
11	23	2995.96	0
11	24	2974.77	0
11	25	3041.73	0
11	26	2954.59	0
11	27	3047.72	0
11	28	3026.33	0
11	29	2999.22	0
11	30	2982.52	0
11	31	3104.81	0
12	0	3031.55	0
12	1	3016.98	0
12	2	3360.53	0
12	3	-1	-1
12	4	3061.3	0
12	5	3090.83	0
12	6	3042.1	0
12	7	3029	0
12	8	3062.56	0
12	9	2977.99	0
12	10	2994.44	0
12	11	2903.95	0
12	12	3009.42	0
12	13	3080.42	0
12	14	3066.41	0
12	15	2984.17	0
12	16	3011.28	0
12	17	3086.65	0
12	18	2964.2	0
12	19	3048.17	0
12	20	3124.32	0
12	21	3079.02	0
12	22	2974.52	0
12	23	3031.59	0
12	24	2959.13	0
12	25	3079.3	0
12	26	2987.99	0
12	27	2949.42	0
12	28	2996.54	0
12	29	3008.81	0
12	30	2972.84	0
12	31	2965.89	0
13	0	2993.78	0
13	1	3294.1	0
13	2	2999.17	0
13	3	3340.03	0
13	4	3029.77	0
13	5	3040.23	0
13	6	3010.12	0
13	7	3118.43	0
13	8	-1	-1
13	9	3110.81	0
13	10	2887.59	0
13	11	3031.26	0
13	12	2995.88	0
13	13	3044.5	0
13	14	3145.83	0
13	15	3133.61	0
13	16	3040.25	0
13	17	3014.61	0
13	18	3004.29	0
13	19	3105.64	0
13	20	3015.29	0
13	21	3134.52	0
13	22	2960.02	0
13	23	2973.86	0
13	24	2990.61	0
13	25	3044.5	0
13	26	3057.23	0
13	27	3018.01	0
13	28	2982.55	0
13	29	3021.63	0
13	30	3038.71	0
13	31	3056.55	0
14	0	2982.79	0
14	1	3025.14	0
14	2	3084.69	0
14	3	2899.98	0
14	4	3019.59	0
14	5	3030.38	0
14	6	2994.9	0
14	7	3005.72	0
14	8	3082.14	0
14	9	2910.09	0
14	10	3047.96	0
14	11	3017.43	0
14	12	3003.58	0
14	13	3044.83	0
14	14	3220.93	0
14	15	-1	-1
14	16	3007.71	0
14	17	2999.69	0
14	18	2963.2	0
14	19	3098.58	0
14	20	3074.09	0
14	21	2990.48	0
14	22	2941.06	0
14	23	3032.96	0
14	24	2969.52	0
14	25	2961.63	0
14	26	2996.76	0
14	27	3022.58	0
14	28	3005.13	0
14	29	3077.24	0
14	30	2980.16	0
14	31	2995.76	0
15	0	2965.14	0
15	1	3062.97	0
15	2	3005.11	0
15	3	3067.98	0
15	4	2974.57	0
15	5	2969.07	0
15	6	3089.87	0
15	7	3095.33	0
15	8	3014.18	0
15	9	3055.41	0
15	10	3035.3	0
15	11	3101.08	0
15	12	2925.19	0
15	13	3301.45	0
15	14	3137.69	0
15	15	3182.03	0
15	16	2951.48	0
15	17	2977.08	0
15	18	3065.44	0
15	19	3168.75	0
15	20	3078.75	0
15	21	3051.45	0
15	22	2964.55	0
15	23	2994.19	0
15	24	2942.84	0
15	25	3033.56	0
15	26	2986.08	0
15	27	2965.38	0
15	28	2988.33	0
15	29	3017.87	0
15	30	2993.58	0
15	31	3124.47	0
16	0	3040.25	0
16	1	3039.66	0
16	2	3111.48	0
16	3	3009.36	0
16	4	2932.52	0
16	5	3029.29	0
16	6	2874.27	0
16	7	2967.24	0
16	8	3026.36	0
16	9	2948.71	0
16	10	2888.69	0
16	11	3057.95	0
16	12	3039.42	0
16	13	3076.58	0
16	14	3059.32	0
16	15	3087.57	0
16	16	2973.83	0
16	17	3044.88	0
16	18	2991.97	0
16	19	3092.08	0
16	20	3078.56	0
16	21	3020.15	0
16	22	2911.21	0
16	23	3104.85	0
16	24	3001.43	0
16	25	3082.83	0
16	26	3008.21	0
16	27	3108.72	0
16	28	2918.08	0
16	29	3080.19	0
16	30	3013.01	0
16	31	2971.05	0
17	0	3047.61	0
17	1	2985.74	0
17	2	3088.6	0
17	3	3115.45	0
17	4	3041.78	0
17	5	2915.31	0
17	6	3111.51	0
17	7	2946.53	0
17	8	3037.98	0
17	9	2973.38	0
17	10	3063.99	0
17	11	3023.86	0
17	12	3040.93	0
17	13	3051.45	0
17	14	3067.09	0
17	15	3062.63	0
17	16	3093.58	0
17	17	2924.49	0
17	18	3185.94	0
17	19	3003.72	0
17	20	3110.22	0
17	21	3023.2	0
17	22	3105.97	0
17	23	2946.89	0
17	24	3063.27	0
17	25	2973.99	0
17	26	3099.04	0
17	27	2988.71	0
17	28	3155.66	0
17	29	-1	-1
17	30	3126.95	0
17	31	2995.52	0
18	0	3021.46	0
18	1	2957.62	0
18	2	3015.29	0
18	3	3082.72	0
18	4	2877.45	0
18	5	3111.82	0
18	6	2844.04	0
18	7	2873.13	0
18	8	2947.65	0
18	9	3048.64	0
18	10	2959.92	0
18	11	3040.48	0
18	12	2957.31	0
18	13	3028.68	0
18	14	3047.36	0
18	15	3063.31	0
18	16	2902.03	0
18	17	3215.88	0
18	18	2929.82	0
18	19	3020.66	0
18	20	2996.85	0
18	21	3130.88	0
18	22	2986.54	0
18	23	2996.82	0
18	24	2893.52	0
18	25	3103.19	0
18	26	3047.98	0
18	27	3073.64	0
18	28	2908.4	0
18	29	3026.88	0
18	30	2932.09	0
18	31	3030.71	0
19	0	3008.64	0
19	1	3093.31	0
19	2	2943.62	0
19	3	2999.79	0
19	4	3073.47	0
19	5	2916.55	0
19	6	3048.91	0
19	7	2961.04	0
19	8	2893.19	0
19	9	2927.29	0
19	10	3026.95	0
19	11	2930.68	0
19	12	3062.21	0
19	13	2984.16	0
19	14	3059.57	0
19	15	3075.73	0
19	16	3207.09	0
19	17	3010.32	0
19	18	3083.79	0
19	19	3048.27	0
19	20	3008.01	0
19	21	3014.68	0
19	22	3070.38	0
19	23	2922.11	0
19	24	3102.48	0
19	25	2977.02	0
19	26	3109.22	0
19	27	3070.26	0
19	28	3022.11	0
19	29	2948.09	0
19	30	3044.8	0
19	31	3128.95	0
20	0	3053.01	0
20	1	3093.34	0
20	2	3070.32	0
20	3	2959.93	0
20	4	2936.21	0
20	5	3046.24	0
20	6	2822.75	0
20	7	2983.94	0
20	8	2933.86	0
20	9	2887.06	0
20	10	2930.54	0
20	11	3086.51	0
20	12	2972.34	0
20	13	3008.63	0
20	14	2964.54	0
20	15	3026.97	0
20	16	2966.38	0
20	17	2995.74	0
20	18	2861.71	0
20	19	3134.67	0
20	20	3042.22	0
20	21	2981.28	0
20	22	2951.32	0
20	23	3085.75	0
20	24	2942.1	0
20	25	3104.13	0
20	26	3008.87	0
20	27	3080.67	0
20	28	2958.49	0
20	29	3091.53	0
20	30	2930.05	0
20	31	2987.67	0
21	0	3040.51	0
21	1	3039.73	0
21	2	3034.14	0
21	3	3041.72	0
21	4	3089.27	0
21	5	2930.29	0
21	6	3086.16	0
21	7	2986.47	0
21	8	2979.8	0
21	9	2933.28	0
21	10	2993.44	0
21	11	2973.4	0
21	12	3129.6	0
21	13	3067.84	0
21	14	3076.08	0
21	15	2975.85	0
21	16	3091.83	0
21	17	2919.07	0
21	18	3180.17	0
21	19	3010.26	0
21	20	3069.17	0
21	21	2936.03	0
21	22	3009.38	0
21	23	2962.91	0
21	24	3095.54	0
21	25	3049.37	0
21	26	3164.08	0
21	27	3019.84	0
21	28	3003.63	0
21	29	2913.01	0
21	30	3086.12	0
21	31	3058.87	0
22	0	2981.15	0
22	1	2943.33	0
22	2	3089.02	0
22	3	3012.49	0
22	4	2921.44	0
22	5	3083.66	0
22	6	2920.71	0
22	7	2926.23	0
22	8	2968.73	0
22	9	2932.99	0
22	10	2975.7	0
22	11	2993.36	0
22	12	2911.13	0
22	13	3044.92	0
22	14	3049.39	0
22	15	3038.79	0
22	16	2962.07	0
22	17	3135.53	0
22	18	3022.55	0
22	19	3037.44	0
22	20	3076.37	0
22	21	3034.75	0
22	22	2961.64	0
22	23	2933.76	0
22	24	2957	0
22	25	3058.65	0
22	26	3083.68	0
22	27	3153.79	0
22	28	2948.24	0
22	29	2998.68	0
22	30	2980.62	0
22	31	3001.05	0
23	0	2972.83	0
23	1	3046.74	0
23	2	2949.9	0
23	3	2970.05	0
23	4	3135.41	0
23	5	2952.82	0
23	6	3110.6	0
23	7	2935.56	0
23	8	2907.43	0
23	9	2951.46	0
23	10	2975.27	0
23	11	2935.89	0
23	12	2995.46	0
23	13	2972.23	0
23	14	2995.78	0
23	15	3081.74	0
23	16	3101.43	0
23	17	2974.05	0
23	18	3146.24	0
23	19	3030.31	0
23	20	2969.14	0
23	21	3013.86	0
23	22	2941.24	0
23	23	2949.54	0
23	24	3017.19	0
23	25	3000.37	0
23	26	3067.98	0
23	27	3116.07	0
23	28	2955.41	0
23	29	2944.31	0
23	30	3002.5	0
23	31	3115.64	0
24	0	3012.24	0
24	1	3011.83	0
24	2	3049.82	0
24	3	2883.78	0
24	4	2900.52	0
24	5	3091.36	0
24	6	2939.02	0
24	7	2969.93	0
24	8	2955.62	0
24	9	2878.22	0
24	10	2937.46	0
24	11	3001.43	0
24	12	2977.5	0
24	13	3067.2	0
24	14	2966.69	0
24	15	2988.9	0
24	16	3023.69	0
24	17	3087.86	0
24	18	2949.46	0
24	19	3040.8	0
24	20	3024.58	0
24	21	2872.17	0
24	22	2983.29	0
24	23	2992.19	0
24	24	3009.23	0
24	25	3100.39	0
24	26	2990.96	0
24	27	3082.21	0
24	28	2937.78	0
24	29	2953.51	0
24	30	2945	0
24	31	2975.08	0
25	0	3059.06	0
25	1	3037.15	0
25	2	2997.23	0
25	3	3092.8	0
25	4	3101.16	0
25	5	3009.28	0
25	6	3109.27	0
25	7	2932.08	0
25	8	2914.54	0
25	9	2921.42	0
25	10	2942.98	0
25	11	2998.26	0
25	12	2991.1	0
25	13	3109.74	0
25	14	3102.58	0
25	15	3009.17	0
25	16	3118.52	0
25	17	2971.99	0
25	18	3106.62	0
25	19	3037.56	0
25	20	3000.82	0
25	21	3064.33	0
25	22	2985.87	0
25	23	2991.19	0
25	24	3010.62	0
25	25	3107.57	0
25	26	3127.22	0
25	27	3017.56	0
25	28	2953.49	0
25	29	2956.25	0
25	30	2948.35	0
25	31	3023.74	0
26	0	3016.67	0
26	1	2932.27	0
26	2	3000.42	0
26	3	2979.88	0
26	4	2958.53	0
26	5	3000.56	0
26	6	3030.7	0
26	7	2889.59	0
26	8	2964.23	0
26	9	2934.46	0
26	10	2998.13	0
26	11	2957.93	0
26	12	2919.47	0
26	13	3057.89	0
26	14	3091.45	0
26	15	3102.47	0
26	16	2982.82	0
26	17	3020.98	0
26	18	3023.78	0
26	19	2938.62	0
26	20	3048.18	0
26	21	3012.24	0
26	22	3036.15	0
26	23	2995.95	0
26	24	2958.09	0
26	25	3039.66	0
26	26	3077.39	0
26	27	3110.7	0
26	28	3013.19	0
26	29	2994.84	0
26	30	2940.43	0
26	31	2980.25	0
27	0	3001.92	0
27	1	3121.81	0
27	2	2895.18	0
27	3	3078.3	0
27	4	2981.02	0
27	5	2994.2	0
27	6	3104.97	0
27	7	2960.12	0
27	8	2888.82	0
27	9	2982.88	0
27	10	3007.01	0
27	11	3006.22	0
27	12	2960.21	0
27	13	3013.2	0
27	14	2927.99	0
27	15	3027.04	0
27	16	3021.28	0
27	17	3031.76	0
27	18	3101.38	0
27	19	3087.65	0
27	20	2925.64	0
27	21	3092.38	0
27	22	3018.1	0
27	23	3022.21	0
27	24	2953.44	0
27	25	3043.48	0
27	26	3037.2	0
27	27	2980.39	0
27	28	3002.39	0
27	29	3050.79	0
27	30	2932.96	0
27	31	3154.92	0
28	0	3034.7	0
28	1	2977.98	0
28	2	3051.46	0
28	3	3038	0
28	4	2887.64	0
28	5	3043.9	0
28	6	2966.31	0
28	7	2982.72	0
28	8	3014.03	0
28	9	2875.1	0
28	10	3014.14	0
28	11	2917.71	0
28	12	3039.24	0
28	13	3087.09	0
28	14	3051.32	0
28	15	2982.55	0
28	16	2957.3	0
28	17	3092.12	0
28	18	3031.3	0
28	19	2991.79	0
28	20	3092.37	0
28	21	3038.18	0
28	22	3028.56	0
28	23	2901.93	0
28	24	2995.26	0
28	25	3084.52	0
28	26	3074.01	0
28	27	3060.28	0
28	28	3014.62	0
28	29	2913.39	0
28	30	3008.42	0
28	31	2934.96	0
29	0	3006.15	0
29	1	3080.52	0
29	2	2995.61	0
29	3	3076.15	0
29	4	3051.16	0
29	5	3028.9	0
29	6	3006.31	0
29	7	3009.75	0
29	8	3041.29	0
29	9	2989.31	0
29	10	2940.47	0
29	11	3026.47	0
29	12	3026.08	0
29	13	3013.09	0
29	14	3085.5	0
29	15	3001.6	0
29	16	3084.93	0
29	17	3031.57	0
29	18	3020.99	0
29	19	3089.53	0
29	20	2965.46	0
29	21	3087.57	0
29	22	2958.99	0
29	23	3021.55	0
29	24	2992.73	0
29	25	3027.29	0
29	26	3099.52	0
29	27	3051.87	0
29	28	2894.25	0
29	29	3002.41	0
29	30	2981.54	0
29	31	3038.75	0
30	0	3036.54	0
30	1	3100.11	0
30	2	3086.07	0
30	3	2959.94	0
30	4	2975.89	0
30	5	3001.8	0
30	6	2900.32	0
30	7	2959.01	0
30	8	3161.33	0
30	9	2995.95	0
30	10	2992.17	0
30	11	3044.55	0
30	12	3003.46	0
30	13	3003.45	0
30	14	3006.23	0
30	15	2982.76	0
30	16	3007.57	0
30	17	3030.66	0
30	18	2980.1	0
30	19	3059.77	0
30	20	3065.78	0
30	21	2924	0
30	22	3026.21	0
30	23	3076.18	0
30	24	3001.6	0
30	25	3031.87	0
30	26	3032.48	0
30	27	3074.14	0
30	28	3021.24	0
30	29	3032.11	0
30	30	3021.12	0
30	31	2965.81	0
31	0	2957.4	0
31	1	3068.02	0
31	2	3018.87	0
31	3	3046.71	0
31	4	2931.79	0
31	5	2887.55	0
31	6	3043.86	0
31	7	3032.2	0
31	8	3207.01	0
31	9	-1	-1
31	10	3009.73	0
31	11	2983.31	0
31	12	2914.39	0
31	13	3028.7	0
31	14	3008.89	0
31	15	2994.66	0
31	16	2957.66	0
31	17	2930.91	0
31	18	3112.82	0
31	19	3112.11	0
31	20	3042.09	0
31	21	3058.32	0
31	22	2991.38	0
31	23	3004.18	0
31	24	2950.85	0
31	25	3108.14	0
31	26	3041.26	0
31	27	2932.71	0
31	28	2968.38	0
31	29	2932.79	0
31	30	2930.91	0
31	31	3151.91	0
32	0	3028.63	0
32	1	2987.06	0
32	2	3060.86	0
32	3	2960.77	0
32	4	2940.95	0
32	5	3078.24	0
32	6	2968.89	0
32	7	3060.22	0
32	8	3009.76	0
32	9	3044.85	0
32	10	2943.75	0
32	11	3001.58	0
32	12	2904.33	0
32	13	2999.33	0
32	14	3062.61	0
32	15	2989.83	0
32	16	2915.45	0
32	17	3089.25	0
32	18	3042.39	0
32	19	3075.22	0
32	20	3007.92	0
32	21	3109.81	0
32	22	2987.45	0
32	23	3065.57	0
32	24	2914.48	0
32	25	3050.9	0
32	26	3044.49	0
32	27	2903.77	0
32	28	2874.07	0
32	29	3043.26	0
32	30	3008.28	0
32	31	2972.37	0
33	0	3021.66	0
33	1	2988.05	0
33	2	3088.96	0
33	3	3024.76	0
33	4	3126.31	0
33	5	3006.03	0
33	6	3014.28	0
33	7	3004.1	0
33	8	2965.32	0
33	9	3000.89	0
33	10	3016.42	0
33	11	2848.29	0
33	12	3109.64	0
33	13	2966.35	0
33	14	3078.54	0
33	15	3046.73	0
33	16	3099.54	0
33	17	2960.8	0
33	18	3007.44	0
33	19	2947.44	0
33	20	3043.28	0
33	21	3004.28	0
33	22	3034.3	0
33	23	2875.71	0
33	24	3184.82	0
33	25	2952.67	0
33	26	3062.73	0
33	27	3012.64	0
33	28	3056.21	0
33	29	2964.23	0
33	30	3046.12	0
33	31	2963.58	0
34	0	2981.54	0
34	1	3006.23	0
34	2	2999.35	0
34	3	3044.76	0
34	4	2982.12	0
34	5	3067.87	0
34	6	2935.59	0
34	7	3067.53	0
34	8	3087.29	0
34	9	3046.01	0
34	10	2884.64	0
34	11	3128.75	0
34	12	2929.14	0
34	13	2955.67	0
34	14	2945.72	0
34	15	3029.57	0
34	16	2973.32	0
34	17	3093.2	0
34	18	2917.46	0
34	19	3083.24	0
34	20	3052.05	0
34	21	3063.12	0
34	22	2873.9	0
34	23	3169.4	0
34	24	2972.12	0
34	25	2973.84	0
34	26	2972.33	0
34	27	3150.06	0
34	28	2968.98	0
34	29	3072.08	0
34	30	2919.9	0
34	31	3007.95	0
35	0	2976.68	0
35	1	3031.78	0
35	2	2954.03	0
35	3	2959.56	0
35	4	3054.97	0
35	5	2974.03	0
35	6	3083.34	0
35	7	3023.55	0
35	8	3028.69	0
35	9	3010.09	0
35	10	3107.03	0
35	11	2935.44	0
35	12	3029.36	0
35	13	3017.89	0
35	14	2962.17	0
35	15	2951.17	0
35	16	3041.83	0
35	17	2873.08	0
35	18	3100.88	0
35	19	2968.46	0
35	20	3108.91	0
35	21	3067.17	0
35	22	3164.64	0
35	23	2966.24	0
35	24	3040.55	0
35	25	3039.82	0
35	26	2994.25	0
35	27	-1	-1
35	28	3021.41	0
35	29	2938.04	0
35	30	3105.89	0
35	31	3142.86	0
36	0	3000.36	0
36	1	3062.82	0
36	2	2995.79	0
36	3	2933.85	0
36	4	2952.57	0
36	5	3121.92	0
36	6	2966.95	0
36	7	2995.63	0
36	8	2982.26	0
36	9	3010.57	0
36	10	3012.86	0
36	11	3021.82	0
36	12	2838.88	0
36	13	3073.57	0
36	14	3005.83	0
36	15	2924.98	0
36	16	2962.52	0
36	17	3031.63	0
36	18	3031.22	0
36	19	3061.59	0
36	20	2983.78	0
36	21	3053.35	0
36	22	2994.94	0
36	23	3026.05	0
36	24	2885.67	0
36	25	3129.87	0
36	26	3029.05	0
36	27	2957.07	0
36	28	2947.66	0
36	29	3091.16	0
36	30	2980.83	0
36	31	3021.83	0
37	0	3019.87	0
37	1	2968.77	0
37	2	2989.9	0
37	3	3004.88	0
37	4	3047.93	0
37	5	2940.14	0
37	6	3100.51	0
37	7	3060.89	0
37	8	3090.52	0
37	9	2970.38	0
37	10	3050.22	0
37	11	2920.32	0
37	12	3094.62	0
37	13	2930.97	0
37	14	3019.57	0
37	15	2977.21	0
37	16	2997.24	0
37	17	2952.83	0
37	18	3117.97	0
37	19	3104.99	0
37	20	3113.72	0
37	21	2969.97	0
37	22	3104.57	0
37	23	2967.91	0
37	24	3147.74	0
37	25	3014.13	0
37	26	3008.26	0
37	27	2990.21	0
37	28	3062.7	0
37	29	2986.77	0
37	30	3119.36	0
37	31	3057.48	0
38	0	3012.97	0
38	1	2902.37	0
38	2	3038.11	0
38	3	2995.75	0
38	4	2948.96	0
38	5	3029.57	0
38	6	2985.44	0
38	7	3028.32	0
38	8	3088.35	0
38	9	3063.03	0
38	10	2954.44	0
38	11	3091.65	0
38	12	2943.35	0
38	13	2967.88	0
38	14	3020.47	0
38	15	3001.32	0
38	16	2991.78	0
38	17	3005.35	0
38	18	2924.87	0
38	19	3093.18	0
38	20	3120.08	0
38	21	3126.66	0
38	22	2966.31	0
38	23	3165.82	0
38	24	3043.06	0
38	25	2891.56	0
38	26	3057.87	0
38	27	2995.58	0
38	28	3034.21	0
38	29	3045.13	0
38	30	2944.97	0
38	31	3012.8	0
39	0	2929.49	0
39	1	3008.43	0
39	2	2939.52	0
39	3	2987.26	0
39	4	3018.88	0
39	5	2978.73	0
39	6	2992.94	0
39	7	2995.54	0
39	8	2996.03	0
39	9	3100.83	0
39	10	3050.1	0
39	11	2998.87	0
39	12	3077.02	0
39	13	3012.16	0
39	14	2967.6	0
39	15	2979.75	0
39	16	3000.02	0
39	17	2925.2	0
39	18	3006.29	0
39	19	3021.77	0
39	20	3041.44	0
39	21	3098.61	0
39	22	3115.37	0
39	23	3067.09	0
39	24	3130.37	0
39	25	2968.67	0
39	26	2944.27	0
39	27	2997.03	0
39	28	2963.43	0
39	29	2967.71	0
39	30	3029.82	0
39	31	3168.47	0
40	0	3018.7	0
40	1	2941.33	0
40	2	3007.07	0
40	3	2913.87	0
40	4	2962.26	0
40	5	3043.81	0
40	6	3013.54	0
40	7	3073.88	0
40	8	2963.17	0
40	9	2974.46	0
40	10	2948.85	0
40	11	2997.41	0
40	12	2970.66	0
40	13	2974.95	0
40	14	3006.89	0
40	15	2908.09	0
40	16	2965.37	0
40	17	3004.77	0
40	18	2989.06	0
40	19	3136.24	0
40	20	2986.35	0
40	21	3034.27	0
40	22	3039.69	0
40	23	3127.46	0
40	24	2998.1	0
40	25	2960.92	0
40	26	3041.8	0
40	27	2872.44	0
40	28	2959.76	0
40	29	3027	0
40	30	3031.4	0
40	31	3003.46	0
41	0	2994.9	0
41	1	2997.57	0
41	2	2942.52	0
41	3	3021.48	0
41	4	3017.74	0
41	5	3001.48	0
41	6	3015.92	0
41	7	3104.81	0
41	8	3067.9	0
41	9	3003.46	0
41	10	3083.23	0
41	11	2935.47	0
41	12	3061.51	0
41	13	3037.03	0
41	14	2970.09	0
41	15	2997.93	0
41	16	2980.21	0
41	17	2970.4	0
41	18	3014.21	0
41	19	3125.41	0
41	20	3094.52	0
41	21	3009.81	0
41	22	3159.8	0
41	23	3014.6	0
41	24	3122.13	0
41	25	3019.46	0
41	26	2957.4	0
41	27	3030.78	0
41	28	2994.99	0
41	29	3039.09	0
41	30	3067.06	0
41	31	3114.36	0
42	0	2983.12	0
42	1	2912.35	0
42	2	3015.17	0
42	3	2969.16	0
42	4	3042.14	0
42	5	3036.35	0
42	6	2968.43	0
42	7	2994.57	0
42	8	3149.8	0
42	9	3016.61	0
42	10	2921.04	0
42	11	3013.79	0
42	12	2994.6	0
42	13	2924.62	0
42	14	3002.37	0
42	15	2950.11	0
42	16	3035.62	0
42	17	2965.61	0
42	18	2943.92	0
42	19	3022.21	0
42	20	3106.34	0
42	21	3115.11	0
42	22	2982.44	0
42	23	3082.58	0
42	24	3037.41	0
42	25	2896.99	0
42	26	3015.79	0
42	27	2981.89	0
42	28	3028.79	0
42	29	2983.95	0
42	30	2945.51	0
42	31	2957.85	0
43	0	2968.67	0
43	1	3055.73	0
43	2	2899.35	0
43	3	3059.41	0
43	4	3025.72	0
43	5	3069.44	0
43	6	2976.55	0
43	7	3051.97	0
43	8	2963.04	0
43	9	3045.84	0
43	10	3022.49	0
43	11	2957.95	0
43	12	3074.81	0
43	13	3054.66	0
43	14	2952.69	0
43	15	3066.83	0
43	16	3058.35	0
43	17	3057.44	0
43	18	3018.74	0
43	19	3093.8	0
43	20	3015.4	0
43	21	3007.39	0
43	22	3013.35	0
43	23	2983.39	0
43	24	3110.46	0
43	25	3112.18	0
43	26	2887.93	0
43	27	3105.82	0
43	28	3043.78	0
43	29	3042.82	0
43	30	2994.4	0
43	31	3127.78	0
44	0	3020.02	0
44	1	2983.22	0
44	2	3057.12	0
44	3	3025.17	0
44	4	3044.9	0
44	5	3029.57	0
44	6	3083.24	0
44	7	3100.56	0
44	8	3071.2	0
44	9	3000	0
44	10	2946.34	0
44	11	3044.57	0
44	12	3040.4	0
44	13	2996.52	0
44	14	3056.14	0
44	15	3009.37	0
44	16	2990.98	0
44	17	2970.87	0
44	18	3115.39	0
44	19	3130.73	0
44	20	3071.05	0
44	21	3052.9	0
44	22	2965.49	0
44	23	3096.23	0
44	24	2999.09	0
44	25	3014.87	0
44	26	3044.48	0
44	27	2986.2	0
44	28	3035.5	0
44	29	3017.11	0
44	30	3050.24	0
44	31	2970.97	0
45	0	3039.42	0
45	1	3066.31	0
45	2	2960.1	0
45	3	3073.52	0
45	4	2966.15	0
45	5	3081.71	0
45	6	3030.57	0
45	7	3037.41	0
45	8	3007.85	0
45	9	3060.66	0
45	10	2998.84	0
45	11	2981.63	0
45	12	3044.61	0
45	13	3073.31	0
45	14	2986.87	0
45	15	3043.18	0
45	16	2924.19	0
45	17	3053.17	0
45	18	3076.59	0
45	19	3065	0
45	20	3090.89	0
45	21	3088.53	0
45	22	3084.69	0
45	23	3027.1	0
45	24	3029.56	0
45	25	3063.22	0
45	26	2958.03	0
45	27	3105.85	0
45	28	2965.41	0
45	29	3049.45	0
45	30	3069.82	0
45	31	3112.1	0
46	0	-1	-1
46	1	3020.27	0
46	2	3045.92	0
46	3	2921.89	0
46	4	3097.34	0
46	5	3082.09	0
46	6	3059.05	0
46	7	2981.22	0
46	8	3060.36	0
46	9	3025.9	0
46	10	2948.56	0
46	11	3006.47	0
46	12	2956.57	0
46	13	3071.15	0
46	14	3060.24	0
46	15	2916.23	0
46	16	3069.29	0
46	17	3126.78	0
46	18	3058.38	0
46	19	3064.53	0
46	20	3006.32	0
46	21	3076.88	0
46	22	3077.54	0
46	23	3074.11	0
46	24	2954.15	0
46	25	3047.09	0
46	26	3083.4	0
46	27	2935.75	0
46	28	3043.37	0
46	29	3099.76	0
46	30	3050.75	0
46	31	3007.04	0
47	0	2960.73	0
47	1	3094.9	0
47	2	3008.35	0
47	3	3047.54	0
47	4	3043.21	0
47	5	3027.43	0
47	6	2984.94	0
47	7	3058.07	0
47	8	3022.37	0
47	9	2951.94	0
47	10	2973.1	0
47	11	2904.14	0
47	12	3054.67	0
47	13	3054.38	0
47	14	3029.72	0
47	15	3011.79	0
47	16	2948.91	0
47	17	3040.29	0
47	18	2967.5	0
47	19	3077.95	0
47	20	3015.41	0
47	21	2960.84	0
47	22	2975.89	0
47	23	2907.11	0
47	24	3088.23	0
47	25	3115.84	0
47	26	3030.14	0
47	27	3033.57	0
47	28	3022.74	0
47	29	3041.36	0
47	30	2908.79	0
47	31	3137.88	0
48	0	2956.41	0
48	1	2940.35	0
48	2	2933.39	0
48	3	2976.69	0
48	4	2979.26	0
48	5	2949.51	0
48	6	2958.96	0
48	7	3113.16	0
48	8	3064.88	0
48	9	2949.65	0
48	10	2898.96	0
48	11	3057.98	0
48	12	3015.13	0
48	13	3014.87	0
48	14	3042.71	0
48	15	3087.08	0
48	16	3037.59	0
48	17	3440.32	0
48	18	-1	-1
48	19	3157.43	0
48	20	3118.27	0
48	21	3054.61	0
48	22	2969.27	0
48	23	3082.36	0
48	24	3035.94	0
48	25	3116.43	0
48	26	3056.65	0
48	27	3112.59	0
48	28	2918.2	0
48	29	3049.81	0
48	30	-1	-1
48	31	2991.78	0
49	0	3026.34	0
49	1	2950.77	0
49	2	2969.76	0
49	3	3017.32	0
49	4	2968.92	0
49	5	2916.94	0
49	6	3138.66	0
49	7	2970.51	0
49	8	3097.01	0
49	9	3073.26	0
49	10	3074.68	0
49	11	2985.85	0
49	12	3054.23	0
49	13	2955.74	0
49	14	2985.73	0
49	15	2990.89	0
49	16	3051.72	0
49	17	3036.19	0
49	18	3310.44	0
49	19	3076.53	0
49	20	3166.76	0
49	21	3102.49	0
49	22	3145.39	0
49	23	3045.64	0
49	24	3080.18	0
49	25	2974.12	0
49	26	3007.02	0
49	27	3067.46	0
49	28	3060.65	0
49	29	2947.72	0
49	30	2977.67	0
49	31	2965.51	0
50	0	2931.88	0
50	1	2961.63	0
50	2	3002.78	0
50	3	2972.38	0
50	4	2909.47	0
50	5	3150.49	0
50	6	2992.9	0
50	7	2898.35	0
50	8	2952.44	0
50	9	3102.43	0
50	10	2982.27	0
50	11	3051.11	0
50	12	2942.25	0
50	13	3085.77	0
50	14	3047.47	0
50	15	3035.46	0
50	16	2974.79	0
50	17	3184.01	0
50	18	2983.32	0
50	19	3023.41	0
50	20	3065.1	0
50	21	3202.64	0
50	22	3014.13	0
50	23	3099.66	0
50	24	2952.74	0
50	25	3131.42	0
50	26	3160.93	0
50	27	3135.72	0
50	28	2974.01	0
50	29	3039.63	0
50	30	2946.33	0
50	31	3041.34	0
51	0	2976.39	0
51	1	2934.96	0
51	2	2952.23	0
51	3	2968.95	0
51	4	3114.34	0
51	5	3014.05	0
51	6	3060.57	0
51	7	3068.79	0
51	8	2909.41	0
51	9	2953.51	0
51	10	3029.63	0
51	11	2991.7	0
51	12	3043.2	0
51	13	2989.19	0
51	14	3042.02	0
51	15	3080.52	0
51	16	3167.73	0
51	17	3010.85	0
51	18	3079.1	0
51	19	3152.43	0
51	20	3021.43	0
51	21	3039.19	0
51	22	3023.47	0
51	23	2982.01	0
51	24	3096.03	0
51	25	3031.33	0
51	26	3072.15	0
51	27	3124.46	0
51	28	3028.95	0
51	29	2922.99	0
51	30	3085.07	0
51	31	3124.16	0
52	0	2892.6	0
52	1	2995.87	0
52	2	2970.11	0
52	3	2944.01	0
52	4	2984.11	0
52	5	2986.86	0
52	6	2890.19	0
52	7	2936.15	0
52	8	3052.82	0
52	9	2958.97	0
52	10	2947.37	0
52	11	3074.36	0
52	12	2997.53	0
52	13	2983.59	0
52	14	2985.58	0
52	15	3033.61	0
52	16	3011.33	0
52	17	3070.36	0
52	18	2948.36	0
52	19	3144.2	0
52	20	3101.93	0
52	21	3020.24	0
52	22	2989.01	0
52	23	3091.71	0
52	24	3038.15	0
52	25	3102.88	0
52	26	2980.37	0
52	27	3115.78	0
52	28	2936.86	0
52	29	3048.27	0
52	30	2960.09	0
52	31	3033.55	0
53	0	3026.75	0
53	1	3010.15	0
53	2	3030.71	0
53	3	2995.4	0
53	4	3082.72	0
53	5	2892.95	0
53	6	3144.43	0
53	7	3008.15	0
53	8	3018.96	0
53	9	3001.11	0
53	10	3029.86	0
53	11	2925.26	0
53	12	3114.57	0
53	13	3090.82	0
53	14	3122.4	0
53	15	2964.12	0
53	16	3118.69	0
53	17	2940.08	0
53	18	3169.24	0
53	19	3116.14	0
53	20	3042.12	0
53	21	3100.81	0
53	22	3007.71	0
53	23	3028.69	0
53	24	3172.6	0
53	25	3075.41	0
53	26	3145.21	0
53	27	3006.8	0
53	28	3010.1	0
53	29	2945.1	0
53	30	3064.13	0
53	31	3079.28	0
54	0	2910.15	0
54	1	2910.65	0
54	2	2965.03	0
54	3	3027.44	0
54	4	2871.31	0
54	5	3084	0
54	6	3018	0
54	7	2971.73	0
54	8	3090.3	0
54	9	2989.28	0
54	10	2967.06	0
54	11	2994.84	0
54	12	2966.6	0
54	13	3051.27	0
54	14	3077.41	0
54	15	3119.89	0
54	16	3017.86	0
54	17	3173.07	0
54	18	3081.79	0
54	19	3050.28	0
54	20	3109.2	0
54	21	3075.66	0
54	22	3024.41	0
54	23	3017.3	0
54	24	2999.74	0
54	25	3079.1	0
54	26	3114.04	0
54	27	3128.18	0
54	28	2987.41	0
54	29	3000.91	0
54	30	2986.87	0
54	31	3008.3	0
55	0	2958.08	0
55	1	2936.69	0
55	2	2918.08	0
55	3	3018.66	0
55	4	3046.4	0
55	5	3016.35	0
55	6	3087.59	0
55	7	3039.24	0
55	8	2937.93	0
55	9	2982.7	0
55	10	2998.22	0
55	11	2954.42	0
55	12	3044.51	0
55	13	2989.01	0
55	14	2985.01	0
55	15	3118.32	0
55	16	3116.61	0
55	17	3103.85	0
55	18	3192.3	0
55	19	3132.69	0
55	20	3033.06	0
55	21	3060.06	0
55	22	3039.62	0
55	23	2933.06	0
55	24	3024.4	0
55	25	3068.29	0
55	26	3080.69	0
55	27	3111.71	0
55	28	2963.97	0
55	29	2962.8	0
55	30	3000.5	0
55	31	3178.2	0
56	0	2959.79	0
56	1	2966.32	0
56	2	2932.25	0
56	3	2903.62	0
56	4	3021.23	0
56	5	3087.76	0
56	6	2934.77	0
56	7	2975.16	0
56	8	3046.78	0
56	9	2928.12	0
56	10	2988.33	0
56	11	2980.38	0
56	12	3010.68	0
56	13	3084.87	0
56	14	2985.58	0
56	15	2958.52	0
56	16	3105.17	0
56	17	3114.36	0
56	18	3021.65	0
56	19	3083.85	0
56	20	3118.34	0
56	21	3016.46	0
56	22	3019.39	0
56	23	3067.85	0
56	24	3066.68	0
56	25	3147.21	0
56	26	3060.28	0
56	27	3088.61	0
56	28	2974.96	0
56	29	3048.2	0
56	30	2991.62	0
56	31	2993.18	0
57	0	3062.93	0
57	1	2993.38	0
57	2	2982.22	0
57	3	2964.33	0
57	4	3078.22	0
57	5	2902.01	0
57	6	3064.68	0
57	7	3002.89	0
57	8	2985.63	0
57	9	3082.04	0
57	10	2964.57	0
57	11	2969.42	0
57	12	3007.98	0
57	13	3111.15	0
57	14	3089.29	0
57	15	2951.01	0
57	16	3131.74	0
57	17	3008.25	0
57	18	3119.67	0
57	19	3131.91	0
57	20	3063.37	0
57	21	3151.83	0
57	22	2991.49	0
57	23	3050.13	0
57	24	3043.5	0
57	25	3123.03	0
57	26	3134.02	0
57	27	3058.56	0
57	28	3023.74	0
57	29	3022.19	0
57	30	2959.02	0
57	31	3075.05	0
58	0	2906.94	0
58	1	2925.31	0
58	2	2965.21	0
58	3	2995.74	0
58	4	2946.85	0
58	5	3001.68	0
58	6	3014.86	0
58	7	2912.49	0
58	8	2950.26	0
58	9	2965.54	0
58	10	2958.12	0
58	11	2990.18	0
58	12	2965.34	0
58	13	2989.7	0
58	14	3102.32	0
58	15	3026.5	0
58	16	3016.99	0
58	17	3044.6	0
58	18	3102.64	0
58	19	3005.54	0
58	20	3020.37	0
58	21	3047.43	0
58	22	3046.61	0
58	23	2995.08	0
58	24	2947.59	0
58	25	3090.21	0
58	26	3131.08	0
58	27	3122.67	0
58	28	2994.9	0
58	29	2973.7	0
58	30	2936.59	0
58	31	3006.74	0
59	0	2951.87	0
59	1	3013.86	0
59	2	2973.77	0
59	3	3001.02	0
59	4	2967.11	0
59	5	2965.03	0
59	6	3036.13	0
59	7	3094.64	0
59	8	2887.65	0
59	9	3044.31	0
59	10	3018.8	0
59	11	3027.85	0
59	12	3011.37	0
59	13	3039.03	0
59	14	2941.17	0
59	15	3059.93	0
59	16	3039.59	0
59	17	2994.7	0
59	18	3143.03	0
59	19	3160.82	0
59	20	2982.64	0
59	21	3144.81	0
59	22	3076.01	0
59	23	3074.67	0
59	24	3005.61	0
59	25	3025.65	0
59	26	3015.03	0
59	27	3024.98	0
59	28	2973.15	0
59	29	3029.54	0
59	30	3026.16	0
59	31	3122.88	0
60	0	2962.37	0
60	1	3014.87	0
60	2	2971.97	0
60	3	2922.29	0
60	4	2900.65	0
60	5	3019.7	0
60	6	2938.82	0
60	7	2961.39	0
60	8	3065.17	0
60	9	3031.7	0
60	10	2973.89	0
60	11	2962.03	0
60	12	3025.71	0
60	13	3020.57	0
60	14	3017.14	0
60	15	2951.29	0
60	16	3006.28	0
60	17	3065.34	0
60	18	3009.78	0
60	19	3101.1	0
60	20	3146.66	0
60	21	3017.9	0
60	22	3051.24	0
60	23	3009.82	0
60	24	3092.18	0
60	25	3111.8	0
60	26	3103.55	0
60	27	3026.79	0
60	28	3010.68	0
60	29	2989.37	0
60	30	3014.03	0
60	31	2932.24	0
61	0	3023.52	0
61	1	2980.79	0
61	2	3041.52	0
61	3	3004.14	0
61	4	2980.6	0
61	5	3067.29	0
61	6	3100.8	0
61	7	3043.64	0
61	8	2961.93	0
61	9	3036.25	0
61	10	2968.4	0
61	11	3037.15	0
61	12	3056.95	0
61	13	3024.79	0
61	14	3014.91	0
61	15	3002.89	0
61	16	3072.87	0
61	17	3018.4	0
61	18	3066.06	0
61	19	3149.5	0
61	20	3075.18	0
61	21	3155.24	0
61	22	3006.55	0
61	23	3051.94	0
61	24	3086.73	0
61	25	3094.23	0
61	26	3083.09	0
61	27	3061.83	0
61	28	2911.99	0
61	29	3049.71	0
61	30	3034.04	0
61	31	3094.79	0
62	0	2916.44	0
62	1	2960.56	0
62	2	2967.26	0
62	3	2923.12	0
62	4	3230.06	0
62	5	3093.77	0
62	6	3055.74	0
62	7	3097.41	0
62	8	3101.7	0
62	9	2943.61	0
62	10	3051.88	0
62	11	3031.42	0
62	12	3029.43	0
62	13	2992.7	0
62	14	3040.4	0
62	15	3022.69	0
62	16	3036.24	0
62	17	3023.33	0
62	18	3026.1	0
62	19	3112	0
62	20	3147.61	0
62	21	3040.47	0
62	22	3072.67	0
62	23	3095.51	0
62	24	3046.73	0
62	25	3052.93	0
62	26	3003.94	0
62	27	3100.99	0
62	28	3032.46	0
62	29	3045.79	0
62	30	3062.75	0
62	31	3038.86	0
63	0	2971.6	0
63	1	3010.51	0
63	2	2950.72	0
63	3	3018.85	0
63	4	2952.89	0
63	5	3428.31	0
63	6	-1	-1
63	7	3144.73	0
63	8	3066.34	0
63	9	3076.67	0
63	10	2951.5	0
63	11	3063.72	0
63	12	2970.04	0
63	13	3040.53	0
63	14	2993.82	0
63	15	3037.85	0
63	16	3074.08	0
63	17	3008.95	0
63	18	3148.17	0
63	19	3205.38	0
63	20	3120.47	0
63	21	3159.33	0
63	22	3076.32	0
63	23	3106.6	0
63	24	2991.98	0
63	25	3109.36	0
63	26	3074.71	0
63	27	3019.55	0
63	28	3065.86	0
63	29	3058.59	0
63	30	3581.32	0
63	31	3132.71	0
