#chan	aget	asad	cobo	row	col	detector	psa pad
0	0	0	0	30	3	0	line
1	0	0	0	31	11	0	line
2	0	0	0	28	14	0	line
3	0	0	0	29	4	0	line
4	0	0	0	29	11	0	line
5	0	0	0	31	15	0	line
6	0	0	0	29	13	0	line
7	0	0	0	28	1	0	line
8	0	0	0	28	12	0	line
9	0	0	0	31	7	0	line
10	0	0	0	30	12	0	line
11	0	0	0	-1	-1	0	none
12	0	0	0	29	0	0	line
13	0	0	0	30	14	0	line
14	0	0	0	31	3	0	line
15	0	0	0	28	15	0	line
16	0	0	0	28	10	0	line
17	0	0	0	31	13	0	line
18	0	0	0	29	15	0	line
19	0	0	0	30	5	0	line
20	0	0	0	29	9	0	line
21	0	0	0	30	0	0	line
22	0	0	0	-1	-1	0	none
23	0	0	0	31	9	0	line
24	0	0	0	29	14	0	line
25	0	0	0	30	8	0	line
26	0	0	0	29	1	0	line
27	0	0	0	31	5	0	line
28	0	0	0	30	13	0	line
29	0	0	0	28	6	0	line
30	0	0	0	28	2	0	line
31	0	0	0	30	4	0	line
32	0	0	0	29	5	0	line
33	0	0	0	28	11	0	line
34	0	0	0	31	1	0	line
35	0	0	0	28	0	0	line
36	0	0	0	28	13	0	line
37	0	0	0	29	10	0	line
38	0	0	0	31	12	0	line
39	0	0	0	31	8	0	line
40	0	0	0	30	15	0	line
41	0	0	0	30	9	0	line
42	0	0	0	30	2	0	line
43	0	0	0	31	4	0	line
44	0	0	0	29	12	0	line
45	0	0	0	-1	-1	0	none
46	0	0	0	28	7	0	line
47	0	0	0	29	3	0	line
48	0	0	0	31	0	0	line
49	0	0	0	30	11	0	line
50	0	0	0	29	6	0	line
51	0	0	0	31	14	0	line
52	0	0	0	28	4	0	line
53	0	0	0	28	9	0	line
54	0	0	0	29	8	0	line
55	0	0	0	30	6	0	line
56	0	0	0	-1	-1	0	none
57	0	0	0	31	10	0	line
58	0	0	0	28	3	0	line
59	0	0	0	30	7	0	line
60	0	0	0	29	7	0	line
61	0	0	0	31	6	0	line
62	0	0	0	30	1	0	line
63	0	0	0	28	5	0	line
64	0	0	0	30	10	0	line
65	0	0	0	31	2	0	line
66	0	0	0	28	8	0	line
67	0	0	0	29	2	0	line
0	1	0	0	30	19	0	line
1	1	0	0	31	27	0	line
2	1	0	0	28	30	0	line
3	1	0	0	29	20	0	line
4	1	0	0	29	27	0	line
5	1	0	0	31	31	0	line
6	1	0	0	29	29	0	line
7	1	0	0	28	17	0	line
8	1	0	0	28	28	0	line
9	1	0	0	31	23	0	line
10	1	0	0	30	28	0	line
11	1	0	0	-1	-1	0	none
12	1	0	0	29	16	0	line
13	1	0	0	30	30	0	line
14	1	0	0	31	19	0	line
15	1	0	0	28	31	0	line
16	1	0	0	28	26	0	line
17	1	0	0	31	29	0	line
18	1	0	0	29	31	0	line
19	1	0	0	30	21	0	line
20	1	0	0	29	25	0	line
21	1	0	0	30	16	0	line
22	1	0	0	-1	-1	0	none
23	1	0	0	31	25	0	line
24	1	0	0	29	30	0	line
25	1	0	0	30	24	0	line
26	1	0	0	29	17	0	line
27	1	0	0	31	21	0	line
28	1	0	0	30	29	0	line
29	1	0	0	28	22	0	line
30	1	0	0	28	18	0	line
31	1	0	0	30	20	0	line
32	1	0	0	29	21	0	line
33	1	0	0	28	27	0	line
34	1	0	0	31	17	0	line
35	1	0	0	28	16	0	line
36	1	0	0	28	29	0	line
37	1	0	0	29	26	0	line
38	1	0	0	31	28	0	line
39	1	0	0	31	24	0	line
40	1	0	0	30	31	0	line
41	1	0	0	30	25	0	line
42	1	0	0	30	18	0	line
43	1	0	0	31	20	0	line
44	1	0	0	29	28	0	line
45	1	0	0	-1	-1	0	none
46	1	0	0	28	23	0	line
47	1	0	0	29	19	0	line
48	1	0	0	31	16	0	line
49	1	0	0	30	27	0	line
50	1	0	0	29	22	0	line
51	1	0	0	31	30	0	line
52	1	0	0	28	20	0	line
53	1	0	0	28	25	0	line
54	1	0	0	29	24	0	line
55	1	0	0	30	22	0	line
56	1	0	0	-1	-1	0	none
57	1	0	0	31	26	0	line
58	1	0	0	28	19	0	line
59	1	0	0	30	23	0	line
60	1	0	0	29	23	0	line
61	1	0	0	31	22	0	line
62	1	0	0	30	17	0	line
63	1	0	0	28	21	0	line
64	1	0	0	30	26	0	line
65	1	0	0	31	18	0	line
66	1	0	0	28	24	0	line
67	1	0	0	29	18	0	line
0	2	0	0	30	35	0	line
1	2	0	0	31	43	0	line
2	2	0	0	28	46	0	line
3	2	0	0	29	36	0	line
4	2	0	0	29	43	0	line
5	2	0	0	31	47	0	line
6	2	0	0	29	45	0	line
7	2	0	0	28	33	0	line
8	2	0	0	28	44	0	line
9	2	0	0	31	39	0	line
10	2	0	0	30	44	0	line
11	2	0	0	-1	-1	0	none
12	2	0	0	29	32	0	line
13	2	0	0	30	46	0	line
14	2	0	0	31	35	0	line
15	2	0	0	28	47	0	line
16	2	0	0	28	42	0	line
17	2	0	0	31	45	0	line
18	2	0	0	29	47	0	line
19	2	0	0	30	37	0	line
20	2	0	0	29	41	0	line
21	2	0	0	30	32	0	line
22	2	0	0	-1	-1	0	none
23	2	0	0	31	41	0	line
24	2	0	0	29	46	0	line
25	2	0	0	30	40	0	line
26	2	0	0	29	33	0	line
27	2	0	0	31	37	0	line
28	2	0	0	30	45	0	line
29	2	0	0	28	38	0	line
30	2	0	0	28	34	0	line
31	2	0	0	30	36	0	line
32	2	0	0	29	37	0	line
33	2	0	0	28	43	0	line
34	2	0	0	31	33	0	line
35	2	0	0	28	32	0	line
36	2	0	0	28	45	0	line
37	2	0	0	29	42	0	line
38	2	0	0	31	44	0	line
39	2	0	0	31	40	0	line
40	2	0	0	30	47	0	line
41	2	0	0	30	41	0	line
42	2	0	0	30	34	0	line
43	2	0	0	31	36	0	line
44	2	0	0	29	44	0	line
45	2	0	0	-1	-1	0	none
46	2	0	0	28	39	0	line
47	2	0	0	29	35	0	line
48	2	0	0	31	32	0	line
49	2	0	0	30	43	0	line
50	2	0	0	29	38	0	line
51	2	0	0	31	46	0	line
52	2	0	0	28	36	0	line
53	2	0	0	28	41	0	line
54	2	0	0	29	40	0	line
55	2	0	0	30	38	0	line
56	2	0	0	-1	-1	0	none
57	2	0	0	31	42	0	line
58	2	0	0	28	35	0	line
59	2	0	0	30	39	0	line
60	2	0	0	29	39	0	line
61	2	0	0	31	38	0	line
62	2	0	0	30	33	0	line
63	2	0	0	28	37	0	line
64	2	0	0	30	42	0	line
65	2	0	0	31	34	0	line
66	2	0	0	28	40	0	line
67	2	0	0	29	34	0	line
0	3	0	0	30	51	0	line
1	3	0	0	31	59	0	line
2	3	0	0	28	62	0	line
3	3	0	0	29	52	0	line
4	3	0	0	29	59	0	line
5	3	0	0	31	63	0	line
6	3	0	0	29	61	0	line
7	3	0	0	28	49	0	line
8	3	0	0	28	60	0	line
9	3	0	0	31	55	0	line
10	3	0	0	30	60	0	line
11	3	0	0	-1	-1	0	none
12	3	0	0	29	48	0	line
13	3	0	0	30	62	0	line
14	3	0	0	31	51	0	line
15	3	0	0	28	63	0	line
16	3	0	0	28	58	0	line
17	3	0	0	31	61	0	line
18	3	0	0	29	63	0	line
19	3	0	0	30	53	0	line
20	3	0	0	29	57	0	line
21	3	0	0	30	48	0	line
22	3	0	0	-1	-1	0	none
23	3	0	0	31	57	0	line
24	3	0	0	29	62	0	line
25	3	0	0	30	56	0	line
26	3	0	0	29	49	0	line
27	3	0	0	31	53	0	line
28	3	0	0	30	61	0	line
29	3	0	0	28	54	0	line
30	3	0	0	28	50	0	line
31	3	0	0	30	52	0	line
32	3	0	0	29	53	0	line
33	3	0	0	28	59	0	line
34	3	0	0	31	49	0	line
35	3	0	0	28	48	0	line
36	3	0	0	28	61	0	line
37	3	0	0	29	58	0	line
38	3	0	0	31	60	0	line
39	3	0	0	31	56	0	line
40	3	0	0	30	63	0	line
41	3	0	0	30	57	0	line
42	3	0	0	30	50	0	line
43	3	0	0	31	52	0	line
44	3	0	0	29	60	0	line
45	3	0	0	-1	-1	0	none
46	3	0	0	28	55	0	line
47	3	0	0	29	51	0	line
48	3	0	0	31	48	0	line
49	3	0	0	30	59	0	line
50	3	0	0	29	54	0	line
51	3	0	0	31	62	0	line
52	3	0	0	28	52	0	line
53	3	0	0	28	57	0	line
54	3	0	0	29	56	0	line
55	3	0	0	30	54	0	line
56	3	0	0	-1	-1	0	none
57	3	0	0	31	58	0	line
58	3	0	0	28	51	0	line
59	3	0	0	30	55	0	line
60	3	0	0	29	55	0	line
61	3	0	0	31	54	0	line
62	3	0	0	30	49	0	line
63	3	0	0	28	53	0	line
64	3	0	0	30	58	0	line
65	3	0	0	31	50	0	line
66	3	0	0	28	56	0	line
67	3	0	0	29	50	0	line
0	0	1	0	24	3	0	line
1	0	1	0	25	9	0	line
2	0	1	0	22	14	0	line
3	0	1	0	23	4	0	line
4	0	1	0	23	11	0	line
5	0	1	0	26	10	0	line
6	0	1	0	23	13	0	line
7	0	1	0	22	1	0	line
8	0	1	0	22	12	0	line
9	0	1	0	27	7	0	line
10	0	1	0	24	12	0	line
11	0	1	0	-1	-1	0	none
12	0	1	0	23	0	0	line
13	0	1	0	24	14	0	line
14	0	1	0	26	6	0	line
15	0	1	0	22	15	0	line
16	0	1	0	22	10	0	line
17	0	1	0	25	5	0	line
18	0	1	0	23	15	0	line
19	0	1	0	24	5	0	line
20	0	1	0	23	9	0	line
21	0	1	0	24	0	0	line
22	0	1	0	-1	-1	0	none
23	0	1	0	27	3	0	line
24	0	1	0	23	14	0	line
25	0	1	0	24	8	0	line
26	0	1	0	23	1	0	line
27	0	1	0	26	2	0	line
28	0	1	0	24	13	0	line
29	0	1	0	22	6	0	line
30	0	1	0	22	2	0	line
31	0	1	0	24	4	0	line
32	0	1	0	23	5	0	line
33	0	1	0	22	11	0	line
34	0	1	0	25	1	0	line
35	0	1	0	22	0	0	line
36	0	1	0	22	13	0	line
37	0	1	0	23	10	0	line
38	0	1	0	26	4	0	line
39	0	1	0	25	3	0	line
40	0	1	0	24	15	0	line
41	0	1	0	24	9	0	line
42	0	1	0	24	2	0	line
43	0	1	0	27	1	0	line
44	0	1	0	23	12	0	line
45	0	1	0	-1	-1	0	none
46	0	1	0	22	7	0	line
47	0	1	0	23	3	0	line
48	0	1	0	26	0	0	line
49	0	1	0	24	11	0	line
50	0	1	0	23	6	0	line
51	0	1	0	27	15	0	line
52	0	1	0	22	4	0	line
53	0	1	0	22	9	0	line
54	0	1	0	23	8	0	line
55	0	1	0	24	6	0	line
56	0	1	0	-1	-1	0	none
57	0	1	0	26	14	0	line
58	0	1	0	22	3	0	line
59	0	1	0	24	7	0	line
60	0	1	0	23	7	0	line
61	0	1	0	25	13	0	line
62	0	1	0	24	1	0	line
63	0	1	0	22	5	0	line
64	0	1	0	24	10	0	line
65	0	1	0	27	11	0	line
66	0	1	0	22	8	0	line
67	0	1	0	23	2	0	line
0	1	1	0	24	19	0	line
1	1	1	0	25	25	0	line
2	1	1	0	22	30	0	line
3	1	1	0	23	20	0	line
4	1	1	0	23	27	0	line
5	1	1	0	26	26	0	line
6	1	1	0	23	29	0	line
7	1	1	0	22	17	0	line
8	1	1	0	22	28	0	line
9	1	1	0	27	23	0	line
10	1	1	0	24	28	0	line
11	1	1	0	-1	-1	0	none
12	1	1	0	23	16	0	line
13	1	1	0	24	30	0	line
14	1	1	0	26	22	0	line
15	1	1	0	22	31	0	line
16	1	1	0	22	26	0	line
17	1	1	0	25	21	0	line
18	1	1	0	23	31	0	line
19	1	1	0	24	21	0	line
20	1	1	0	23	25	0	line
21	1	1	0	24	16	0	line
22	1	1	0	-1	-1	0	none
23	1	1	0	27	19	0	line
24	1	1	0	23	30	0	line
25	1	1	0	24	24	0	line
26	1	1	0	23	17	0	line
27	1	1	0	26	18	0	line
28	1	1	0	24	29	0	line
29	1	1	0	22	22	0	line
30	1	1	0	22	18	0	line
31	1	1	0	24	20	0	line
32	1	1	0	23	21	0	line
33	1	1	0	22	27	0	line
34	1	1	0	25	17	0	line
35	1	1	0	22	16	0	line
36	1	1	0	22	29	0	line
37	1	1	0	23	26	0	line
38	1	1	0	26	20	0	line
39	1	1	0	25	19	0	line
40	1	1	0	24	31	0	line
41	1	1	0	24	25	0	line
42	1	1	0	24	18	0	line
43	1	1	0	27	17	0	line
44	1	1	0	23	28	0	line
45	1	1	0	-1	-1	0	none
46	1	1	0	22	23	0	line
47	1	1	0	23	19	0	line
48	1	1	0	26	16	0	line
49	1	1	0	24	27	0	line
50	1	1	0	23	22	0	line
51	1	1	0	27	31	0	line
52	1	1	0	22	20	0	line
53	1	1	0	22	25	0	line
54	1	1	0	23	24	0	line
55	1	1	0	24	22	0	line
56	1	1	0	-1	-1	0	none
57	1	1	0	26	30	0	line
58	1	1	0	22	19	0	line
59	1	1	0	24	23	0	line
60	1	1	0	23	23	0	line
61	1	1	0	25	29	0	line
62	1	1	0	24	17	0	line
63	1	1	0	22	21	0	line
64	1	1	0	24	26	0	line
65	1	1	0	27	27	0	line
66	1	1	0	22	24	0	line
67	1	1	0	23	18	0	line
0	2	1	0	22	40	0	line
1	2	1	0	27	34	0	line
2	2	1	0	27	43	0	line
3	2	1	0	24	42	0	line
4	2	1	0	25	47	0	line
5	2	1	0	25	36	0	line
6	2	1	0	25	45	0	line
7	2	1	0	23	39	0	line
8	2	1	0	27	45	0	line
9	2	1	0	26	33	0	line
10	2	1	0	26	46	0	line
11	2	1	0	-1	-1	0	none
12	2	1	0	24	38	0	line
13	2	1	0	26	44	0	line
14	2	1	0	25	32	0	line
15	2	1	0	22	36	0	line
16	2	1	0	27	47	0	line
17	2	1	0	26	47	0	line
18	2	1	0	25	43	0	line
19	2	1	0	26	38	0	line
20	2	1	0	26	32	0	line
21	2	1	0	27	41	0	line
22	2	1	0	-1	-1	0	none
23	2	1	0	25	46	0	line
24	2	1	0	23	35	0	line
25	2	1	0	27	33	0	line
26	2	1	0	26	40	0	line
27	2	1	0	27	44	0	line
28	2	1	0	24	34	0	line
29	2	1	0	25	35	0	line
30	2	1	0	25	39	0	line
31	2	1	0	27	37	0	line
32	2	1	0	26	36	0	line
33	2	1	0	22	32	0	line
34	2	1	0	26	43	0	line
35	2	1	0	25	42	0	line
36	2	1	0	22	34	0	line
37	2	1	0	25	33	0	line
38	2	1	0	27	46	0	line
39	2	1	0	26	45	0	line
40	2	1	0	24	36	0	line
41	2	1	0	26	34	0	line
42	2	1	0	27	40	0	line
43	2	1	0	25	44	0	line
44	2	1	0	23	33	0	line
45	2	1	0	-1	-1	0	none
46	2	1	0	27	35	0	line
47	2	1	0	26	39	0	line
48	2	1	0	27	42	0	line
49	2	1	0	24	32	0	line
50	2	1	0	25	37	0	line
51	2	1	0	26	41	0	line
52	2	1	0	25	38	0	line
53	2	1	0	23	47	0	line
54	2	1	0	24	46	0	line
55	2	1	0	27	36	0	line
56	2	1	0	-1	-1	0	none
57	2	1	0	25	40	0	line
58	2	1	0	27	39	0	line
59	2	1	0	22	44	0	line
60	2	1	0	26	35	0	line
61	2	1	0	27	38	0	line
62	2	1	0	26	42	0	line
63	2	1	0	23	43	0	line
64	2	1	0	27	32	0	line
65	2	1	0	26	37	0	line
66	2	1	0	25	34	0	line
67	2	1	0	25	41	0	line
0	3	1	0	24	51	0	line
1	3	1	0	25	57	0	line
2	3	1	0	22	62	0	line
3	3	1	0	23	52	0	line
4	3	1	0	23	59	0	line
5	3	1	0	26	58	0	line
6	3	1	0	23	61	0	line
7	3	1	0	22	49	0	line
8	3	1	0	22	60	0	line
9	3	1	0	27	55	0	line
10	3	1	0	24	60	0	line
11	3	1	0	-1	-1	0	none
12	3	1	0	23	48	0	line
13	3	1	0	24	62	0	line
14	3	1	0	26	54	0	line
15	3	1	0	22	63	0	line
16	3	1	0	22	58	0	line
17	3	1	0	25	53	0	line
18	3	1	0	23	63	0	line
19	3	1	0	24	53	0	line
20	3	1	0	23	57	0	line
21	3	1	0	24	48	0	line
22	3	1	0	-1	-1	0	none
23	3	1	0	27	51	0	line
24	3	1	0	23	62	0	line
25	3	1	0	24	56	0	line
26	3	1	0	23	49	0	line
27	3	1	0	26	50	0	line
28	3	1	0	24	61	0	line
29	3	1	0	22	54	0	line
30	3	1	0	22	50	0	line
31	3	1	0	24	52	0	line
32	3	1	0	23	53	0	line
33	3	1	0	22	59	0	line
34	3	1	0	25	49	0	line
35	3	1	0	22	48	0	line
36	3	1	0	22	61	0	line
37	3	1	0	23	58	0	line
38	3	1	0	26	52	0	line
39	3	1	0	25	51	0	line
40	3	1	0	24	63	0	line
41	3	1	0	24	57	0	line
42	3	1	0	24	50	0	line
43	3	1	0	27	49	0	line
44	3	1	0	23	60	0	line
45	3	1	0	-1	-1	0	none
46	3	1	0	22	55	0	line
47	3	1	0	23	51	0	line
48	3	1	0	26	48	0	line
49	3	1	0	24	59	0	line
50	3	1	0	23	54	0	line
51	3	1	0	27	63	0	line
52	3	1	0	22	52	0	line
53	3	1	0	22	57	0	line
54	3	1	0	23	56	0	line
55	3	1	0	24	54	0	line
56	3	1	0	-1	-1	0	none
57	3	1	0	26	62	0	line
58	3	1	0	22	51	0	line
59	3	1	0	24	55	0	line
60	3	1	0	23	55	0	line
61	3	1	0	25	61	0	line
62	3	1	0	24	49	0	line
63	3	1	0	22	53	0	line
64	3	1	0	24	58	0	line
65	3	1	0	27	59	0	line
66	3	1	0	22	56	0	line
67	3	1	0	23	50	0	line
0	0	3	0	16	8	0	line
1	0	3	0	21	2	0	line
2	0	3	0	21	11	0	line
3	0	3	0	18	10	0	line
4	0	3	0	19	15	0	line
5	0	3	0	19	4	0	line
6	0	3	0	19	13	0	line
7	0	3	0	17	7	0	line
8	0	3	0	21	13	0	line
9	0	3	0	20	1	0	line
10	0	3	0	20	14	0	line
11	0	3	0	-1	-1	0	none
12	0	3	0	18	6	0	line
13	0	3	0	20	12	0	line
14	0	3	0	19	0	0	line
15	0	3	0	16	4	0	line
16	0	3	0	21	15	0	line
17	0	3	0	20	15	0	line
18	0	3	0	19	11	0	line
19	0	3	0	20	6	0	line
20	0	3	0	20	0	0	line
21	0	3	0	21	9	0	line
22	0	3	0	-1	-1	0	none
23	0	3	0	19	14	0	line
24	0	3	0	17	3	0	line
25	0	3	0	21	1	0	line
26	0	3	0	20	8	0	line
27	0	3	0	21	12	0	line
28	0	3	0	18	2	0	line
29	0	3	0	19	3	0	line
30	0	3	0	19	7	0	line
31	0	3	0	21	5	0	line
32	0	3	0	20	4	0	line
33	0	3	0	16	0	0	line
34	0	3	0	20	11	0	line
35	0	3	0	19	10	0	line
36	0	3	0	16	2	0	line
37	0	3	0	19	1	0	line
38	0	3	0	21	14	0	line
39	0	3	0	20	13	0	line
40	0	3	0	18	4	0	line
41	0	3	0	20	2	0	line
42	0	3	0	21	8	0	line
43	0	3	0	19	12	0	line
44	0	3	0	17	1	0	line
45	0	3	0	-1	-1	0	none
46	0	3	0	21	3	0	line
47	0	3	0	20	7	0	line
48	0	3	0	21	10	0	line
49	0	3	0	18	0	0	line
50	0	3	0	19	5	0	line
51	0	3	0	20	9	0	line
52	0	3	0	19	6	0	line
53	0	3	0	17	15	0	line
54	0	3	0	18	14	0	line
55	0	3	0	21	4	0	line
56	0	3	0	-1	-1	0	none
57	0	3	0	19	8	0	line
58	0	3	0	21	7	0	line
59	0	3	0	16	12	0	line
60	0	3	0	20	3	0	line
61	0	3	0	21	6	0	line
62	0	3	0	20	10	0	line
63	0	3	0	17	11	0	line
64	0	3	0	21	0	0	line
65	0	3	0	20	5	0	line
66	0	3	0	19	2	0	line
67	0	3	0	19	9	0	line
0	1	3	0	16	24	0	line
1	1	3	0	21	18	0	line
2	1	3	0	21	27	0	line
3	1	3	0	18	26	0	line
4	1	3	0	19	31	0	line
5	1	3	0	19	20	0	line
6	1	3	0	19	29	0	line
7	1	3	0	17	23	0	line
8	1	3	0	21	29	0	line
9	1	3	0	20	17	0	line
10	1	3	0	20	30	0	line
11	1	3	0	-1	-1	0	none
12	1	3	0	18	22	0	line
13	1	3	0	20	28	0	line
14	1	3	0	19	16	0	line
15	1	3	0	16	20	0	line
16	1	3	0	21	31	0	line
17	1	3	0	20	31	0	line
18	1	3	0	19	27	0	line
19	1	3	0	20	22	0	line
20	1	3	0	20	16	0	line
21	1	3	0	21	25	0	line
22	1	3	0	-1	-1	0	none
23	1	3	0	19	30	0	line
24	1	3	0	17	19	0	line
25	1	3	0	21	17	0	line
26	1	3	0	20	24	0	line
27	1	3	0	21	28	0	line
28	1	3	0	18	18	0	line
29	1	3	0	19	19	0	line
30	1	3	0	19	23	0	line
31	1	3	0	21	21	0	line
32	1	3	0	20	20	0	line
33	1	3	0	16	16	0	line
34	1	3	0	20	27	0	line
35	1	3	0	19	26	0	line
36	1	3	0	16	18	0	line
37	1	3	0	19	17	0	line
38	1	3	0	21	30	0	line
39	1	3	0	20	29	0	line
40	1	3	0	18	20	0	line
41	1	3	0	20	18	0	line
42	1	3	0	21	24	0	line
43	1	3	0	19	28	0	line
44	1	3	0	17	17	0	line
45	1	3	0	-1	-1	0	none
46	1	3	0	21	19	0	line
47	1	3	0	20	23	0	line
48	1	3	0	21	26	0	line
49	1	3	0	18	16	0	line
50	1	3	0	19	21	0	line
51	1	3	0	20	25	0	line
52	1	3	0	19	22	0	line
53	1	3	0	17	31	0	line
54	1	3	0	18	30	0	line
55	1	3	0	21	20	0	line
56	1	3	0	-1	-1	0	none
57	1	3	0	19	24	0	line
58	1	3	0	21	23	0	line
59	1	3	0	16	28	0	line
60	1	3	0	20	19	0	line
61	1	3	0	21	22	0	line
62	1	3	0	20	26	0	line
63	1	3	0	17	27	0	line
64	1	3	0	21	16	0	line
65	1	3	0	20	21	0	line
66	1	3	0	19	18	0	line
67	1	3	0	19	25	0	line
0	2	3	0	18	35	0	line
1	2	3	0	19	41	0	line
2	2	3	0	16	46	0	line
3	2	3	0	17	36	0	line
4	2	3	0	17	43	0	line
5	2	3	0	20	42	0	line
6	2	3	0	17	45	0	line
7	2	3	0	16	33	0	line
8	2	3	0	16	44	0	line
9	2	3	0	21	39	0	line
10	2	3	0	18	44	0	line
11	2	3	0	-1	-1	0	none
12	2	3	0	17	32	0	line
13	2	3	0	18	46	0	line
14	2	3	0	20	38	0	line
15	2	3	0	16	47	0	line
16	2	3	0	16	42	0	line
17	2	3	0	19	37	0	line
18	2	3	0	17	47	0	line
19	2	3	0	18	37	0	line
20	2	3	0	17	41	0	line
21	2	3	0	18	32	0	line
22	2	3	0	-1	-1	0	none
23	2	3	0	21	35	0	line
24	2	3	0	17	46	0	line
25	2	3	0	18	40	0	line
26	2	3	0	17	33	0	line
27	2	3	0	20	34	0	line
28	2	3	0	18	45	0	line
29	2	3	0	16	38	0	line
30	2	3	0	16	34	0	line
31	2	3	0	18	36	0	line
32	2	3	0	17	37	0	line
33	2	3	0	16	43	0	line
34	2	3	0	19	33	0	line
35	2	3	0	16	32	0	line
36	2	3	0	16	45	0	line
37	2	3	0	17	42	0	line
38	2	3	0	20	36	0	line
39	2	3	0	19	35	0	line
40	2	3	0	18	47	0	line
41	2	3	0	18	41	0	line
42	2	3	0	18	34	0	line
43	2	3	0	21	33	0	line
44	2	3	0	17	44	0	line
45	2	3	0	-1	-1	0	none
46	2	3	0	16	39	0	line
47	2	3	0	17	35	0	line
48	2	3	0	20	32	0	line
49	2	3	0	18	43	0	line
50	2	3	0	17	38	0	line
51	2	3	0	21	47	0	line
52	2	3	0	16	36	0	line
53	2	3	0	16	41	0	line
54	2	3	0	17	40	0	line
55	2	3	0	18	38	0	line
56	2	3	0	-1	-1	0	none
57	2	3	0	20	46	0	line
58	2	3	0	16	35	0	line
59	2	3	0	18	39	0	line
60	2	3	0	17	39	0	line
61	2	3	0	19	45	0	line
62	2	3	0	18	33	0	line
63	2	3	0	16	37	0	line
64	2	3	0	18	42	0	line
65	2	3	0	21	43	0	line
66	2	3	0	16	40	0	line
67	2	3	0	17	34	0	line
0	3	3	0	16	56	0	line
1	3	3	0	21	50	0	line
2	3	3	0	21	59	0	line
3	3	3	0	18	58	0	line
4	3	3	0	19	63	0	line
5	3	3	0	19	52	0	line
6	3	3	0	19	61	0	line
7	3	3	0	17	55	0	line
8	3	3	0	21	61	0	line
9	3	3	0	20	49	0	line
10	3	3	0	20	62	0	line
11	3	3	0	-1	-1	0	none
12	3	3	0	18	54	0	line
13	3	3	0	20	60	0	line
14	3	3	0	19	48	0	line
15	3	3	0	16	52	0	line
16	3	3	0	21	63	0	line
17	3	3	0	20	63	0	line
18	3	3	0	19	59	0	line
19	3	3	0	20	54	0	line
20	3	3	0	20	48	0	line
21	3	3	0	21	57	0	line
22	3	3	0	-1	-1	0	none
23	3	3	0	19	62	0	line
24	3	3	0	17	51	0	line
25	3	3	0	21	49	0	line
26	3	3	0	20	56	0	line
27	3	3	0	21	60	0	line
28	3	3	0	18	50	0	line
29	3	3	0	19	51	0	line
30	3	3	0	19	55	0	line
31	3	3	0	21	53	0	line
32	3	3	0	20	52	0	line
33	3	3	0	16	48	0	line
34	3	3	0	20	59	0	line
35	3	3	0	19	58	0	line
36	3	3	0	16	50	0	line
37	3	3	0	19	49	0	line
38	3	3	0	21	62	0	line
39	3	3	0	20	61	0	line
40	3	3	0	18	52	0	line
41	3	3	0	20	50	0	line
42	3	3	0	21	56	0	line
43	3	3	0	19	60	0	line
44	3	3	0	17	49	0	line
45	3	3	0	-1	-1	0	none
46	3	3	0	21	51	0	line
47	3	3	0	20	55	0	line
48	3	3	0	21	58	0	line
49	3	3	0	18	48	0	line
50	3	3	0	19	53	0	line
51	3	3	0	20	57	0	line
52	3	3	0	19	54	0	line
53	3	3	0	17	63	0	line
54	3	3	0	18	62	0	line
55	3	3	0	21	52	0	line
56	3	3	0	-1	-1	0	none
57	3	3	0	19	56	0	line
58	3	3	0	21	55	0	line
59	3	3	0	16	60	0	line
60	3	3	0	20	51	0	line
61	3	3	0	21	54	0	line
62	3	3	0	20	58	0	line
63	3	3	0	17	59	0	line
64	3	3	0	21	48	0	line
65	3	3	0	20	53	0	line
66	3	3	0	19	50	0	line
67	3	3	0	19	57	0	line
0	0	2	0	25	2	0	line
1	0	2	0	17	2	0	line
2	0	2	0	26	5	0	line
3	0	2	0	27	0	0	line
4	0	2	0	16	5	0	line
5	0	2	0	18	1	0	line
6	0	2	0	27	6	0	line
7	0	2	0	26	3	0	line
8	0	2	0	18	7	0	line
9	0	2	0	16	3	0	line
10	0	2	0	25	8	0	line
11	0	2	0	-1	-1	0	none
12	0	2	0	27	4	0	line
13	0	2	0	17	8	0	line
14	0	2	0	18	5	0	line
15	0	2	0	25	6	0	line
16	0	2	0	26	9	0	line
17	0	2	0	17	6	0	line
18	0	2	0	16	9	0	line
19	0	2	0	25	0	0	line
20	0	2	0	27	10	0	line
21	0	2	0	18	11	0	line
22	0	2	0	-1	-1	0	none
23	0	2	0	16	7	0	line
24	0	2	0	26	7	0	line
25	0	2	0	25	12	0	line
26	0	2	0	17	12	0	line
27	0	2	0	18	9	0	line
28	0	2	0	27	8	0	line
29	0	2	0	26	13	0	line
30	0	2	0	16	13	0	line
31	0	2	0	18	15	0	line
32	0	2	0	27	14	0	line
33	0	2	0	25	10	0	line
34	0	2	0	17	10	0	line
35	0	2	0	16	11	0	line
36	0	2	0	25	7	0	line
37	0	2	0	26	11	0	line
38	0	2	0	17	5	0	line
39	0	2	0	16	6	0	line
40	0	2	0	27	5	0	line
41	0	2	0	27	12	0	line
42	0	2	0	18	13	0	line
43	0	2	0	18	8	0	line
44	0	2	0	26	8	0	line
45	0	2	0	-1	-1	0	none
46	0	2	0	25	14	0	line
47	0	2	0	17	14	0	line
48	0	2	0	17	9	0	line
49	0	2	0	27	9	0	line
50	0	2	0	26	15	0	line
51	0	2	0	16	10	0	line
52	0	2	0	16	15	0	line
53	0	2	0	25	11	0	line
54	0	2	0	26	12	0	line
55	0	2	0	17	0	0	line
56	0	2	0	-1	-1	0	none
57	0	2	0	18	12	0	line
58	0	2	0	26	1	0	line
59	0	2	0	27	13	0	line
60	0	2	0	16	1	0	line
61	0	2	0	17	13	0	line
62	0	2	0	25	4	0	line
63	0	2	0	25	15	0	line
64	0	2	0	17	4	0	line
65	0	2	0	16	14	0	line
66	0	2	0	18	3	0	line
67	0	2	0	27	2	0	line
0	1	2	0	25	18	0	line
1	1	2	0	17	18	0	line
2	1	2	0	26	21	0	line
3	1	2	0	27	16	0	line
4	1	2	0	16	21	0	line
5	1	2	0	18	17	0	line
6	1	2	0	27	22	0	line
7	1	2	0	26	19	0	line
8	1	2	0	18	23	0	line
9	1	2	0	16	19	0	line
10	1	2	0	25	24	0	line
11	1	2	0	-1	-1	0	none
12	1	2	0	27	20	0	line
13	1	2	0	17	24	0	line
14	1	2	0	18	21	0	line
15	1	2	0	25	22	0	line
16	1	2	0	26	25	0	line
17	1	2	0	17	22	0	line
18	1	2	0	16	25	0	line
19	1	2	0	25	16	0	line
20	1	2	0	27	26	0	line
21	1	2	0	18	27	0	line
22	1	2	0	-1	-1	0	none
23	1	2	0	16	23	0	line
24	1	2	0	26	23	0	line
25	1	2	0	25	28	0	line
26	1	2	0	17	28	0	line
27	1	2	0	18	25	0	line
28	1	2	0	27	24	0	line
29	1	2	0	26	29	0	line
30	1	2	0	16	29	0	line
31	1	2	0	18	31	0	line
32	1	2	0	27	30	0	line
33	1	2	0	25	26	0	line
34	1	2	0	17	26	0	line
35	1	2	0	16	27	0	line
36	1	2	0	25	23	0	line
37	1	2	0	26	27	0	line
38	1	2	0	17	21	0	line
39	1	2	0	16	22	0	line
40	1	2	0	27	21	0	line
41	1	2	0	27	28	0	line
42	1	2	0	18	29	0	line
43	1	2	0	18	24	0	line
44	1	2	0	26	24	0	line
45	1	2	0	-1	-1	0	none
46	1	2	0	25	30	0	line
47	1	2	0	17	30	0	line
48	1	2	0	17	25	0	line
49	1	2	0	27	25	0	line
50	1	2	0	26	31	0	line
51	1	2	0	16	26	0	line
52	1	2	0	16	31	0	line
53	1	2	0	25	27	0	line
54	1	2	0	26	28	0	line
55	1	2	0	17	16	0	line
56	1	2	0	-1	-1	0	none
57	1	2	0	18	28	0	line
58	1	2	0	26	17	0	line
59	1	2	0	27	29	0	line
60	1	2	0	16	17	0	line
61	1	2	0	17	29	0	line
62	1	2	0	25	20	0	line
63	1	2	0	25	31	0	line
64	1	2	0	17	20	0	line
65	1	2	0	16	30	0	line
66	1	2	0	18	19	0	line
67	1	2	0	27	18	0	line
0	2	2	0	19	34	0	line
1	2	2	0	23	34	0	line
2	2	2	0	20	37	0	line
3	2	2	0	21	32	0	line
4	2	2	0	22	37	0	line
5	2	2	0	24	33	0	line
6	2	2	0	21	38	0	line
7	2	2	0	20	35	0	line
8	2	2	0	24	39	0	line
9	2	2	0	22	35	0	line
10	2	2	0	19	40	0	line
11	2	2	0	-1	-1	0	none
12	2	2	0	21	36	0	line
13	2	2	0	23	40	0	line
14	2	2	0	24	37	0	line
15	2	2	0	19	38	0	line
16	2	2	0	20	41	0	line
17	2	2	0	23	38	0	line
18	2	2	0	22	41	0	line
19	2	2	0	19	32	0	line
20	2	2	0	21	42	0	line
21	2	2	0	24	43	0	line
22	2	2	0	-1	-1	0	none
23	2	2	0	22	39	0	line
24	2	2	0	20	39	0	line
25	2	2	0	19	44	0	line
26	2	2	0	23	44	0	line
27	2	2	0	24	41	0	line
28	2	2	0	21	40	0	line
29	2	2	0	20	45	0	line
30	2	2	0	22	45	0	line
31	2	2	0	24	47	0	line
32	2	2	0	21	46	0	line
33	2	2	0	19	42	0	line
34	2	2	0	23	42	0	line
35	2	2	0	22	43	0	line
36	2	2	0	19	39	0	line
37	2	2	0	20	43	0	line
38	2	2	0	23	37	0	line
39	2	2	0	22	38	0	line
40	2	2	0	21	37	0	line
41	2	2	0	21	44	0	line
42	2	2	0	24	45	0	line
43	2	2	0	24	40	0	line
44	2	2	0	20	40	0	line
45	2	2	0	-1	-1	0	none
46	2	2	0	19	46	0	line
47	2	2	0	23	46	0	line
48	2	2	0	23	41	0	line
49	2	2	0	21	41	0	line
50	2	2	0	20	47	0	line
51	2	2	0	22	42	0	line
52	2	2	0	22	47	0	line
53	2	2	0	19	43	0	line
54	2	2	0	20	44	0	line
55	2	2	0	23	32	0	line
56	2	2	0	-1	-1	0	none
57	2	2	0	24	44	0	line
58	2	2	0	20	33	0	line
59	2	2	0	21	45	0	line
60	2	2	0	22	33	0	line
61	2	2	0	23	45	0	line
62	2	2	0	19	36	0	line
63	2	2	0	19	47	0	line
64	2	2	0	23	36	0	line
65	2	2	0	22	46	0	line
66	2	2	0	24	35	0	line
67	2	2	0	21	34	0	line
0	3	2	0	25	50	0	line
1	3	2	0	17	50	0	line
2	3	2	0	26	53	0	line
3	3	2	0	27	48	0	line
4	3	2	0	16	53	0	line
5	3	2	0	18	49	0	line
6	3	2	0	27	54	0	line
7	3	2	0	26	51	0	line
8	3	2	0	18	55	0	line
9	3	2	0	16	51	0	line
10	3	2	0	25	56	0	line
11	3	2	0	-1	-1	0	none
12	3	2	0	27	52	0	line
13	3	2	0	17	56	0	line
14	3	2	0	18	53	0	line
15	3	2	0	25	54	0	line
16	3	2	0	26	57	0	line
17	3	2	0	17	54	0	line
18	3	2	0	16	57	0	line
19	3	2	0	25	48	0	line
20	3	2	0	27	58	0	line
21	3	2	0	18	59	0	line
22	3	2	0	-1	-1	0	none
23	3	2	0	16	55	0	line
24	3	2	0	26	55	0	line
25	3	2	0	25	60	0	line
26	3	2	0	17	60	0	line
27	3	2	0	18	57	0	line
28	3	2	0	27	56	0	line
29	3	2	0	26	61	0	line
30	3	2	0	16	61	0	line
31	3	2	0	18	63	0	line
32	3	2	0	27	62	0	line
33	3	2	0	25	58	0	line
34	3	2	0	17	58	0	line
35	3	2	0	16	59	0	line
36	3	2	0	25	55	0	line
37	3	2	0	26	59	0	line
38	3	2	0	17	53	0	line
39	3	2	0	16	54	0	line
40	3	2	0	27	53	0	line
41	3	2	0	27	60	0	line
42	3	2	0	18	61	0	line
43	3	2	0	18	56	0	line
44	3	2	0	26	56	0	line
45	3	2	0	-1	-1	0	none
46	3	2	0	25	62	0	line
47	3	2	0	17	62	0	line
48	3	2	0	17	57	0	line
49	3	2	0	27	57	0	line
50	3	2	0	26	63	0	line
51	3	2	0	16	58	0	line
52	3	2	0	16	63	0	line
53	3	2	0	25	59	0	line
54	3	2	0	26	60	0	line
55	3	2	0	17	48	0	line
56	3	2	0	-1	-1	0	none
57	3	2	0	18	60	0	line
58	3	2	0	26	49	0	line
59	3	2	0	27	61	0	line
60	3	2	0	16	49	0	line
61	3	2	0	17	61	0	line
62	3	2	0	25	52	0	line
63	3	2	0	25	63	0	line
64	3	2	0	17	52	0	line
65	3	2	0	16	62	0	line
66	3	2	0	18	51	0	line
67	3	2	0	27	50	0	line
0	0	0	1	12	3	0	line
1	0	0	1	13	9	0	line
2	0	0	1	10	14	0	line
3	0	0	1	11	4	0	line
4	0	0	1	11	11	0	line
5	0	0	1	14	10	0	line
6	0	0	1	11	13	0	line
7	0	0	1	10	1	0	line
8	0	0	1	10	12	0	line
9	0	0	1	15	7	0	line
10	0	0	1	12	12	0	line
11	0	0	1	-1	-1	0	none
12	0	0	1	11	0	0	line
13	0	0	1	12	14	0	line
14	0	0	1	14	6	0	line
15	0	0	1	10	15	0	line
16	0	0	1	10	10	0	line
17	0	0	1	13	5	0	line
18	0	0	1	11	15	0	line
19	0	0	1	12	5	0	line
20	0	0	1	11	9	0	line
21	0	0	1	12	0	0	line
22	0	0	1	-1	-1	0	none
23	0	0	1	15	3	0	line
24	0	0	1	11	14	0	line
25	0	0	1	12	8	0	line
26	0	0	1	11	1	0	line
27	0	0	1	14	2	0	line
28	0	0	1	12	13	0	line
29	0	0	1	10	6	0	line
30	0	0	1	10	2	0	line
31	0	0	1	12	4	0	line
32	0	0	1	11	5	0	line
33	0	0	1	10	11	0	line
34	0	0	1	13	1	0	line
35	0	0	1	10	0	0	line
36	0	0	1	10	13	0	line
37	0	0	1	11	10	0	line
38	0	0	1	14	4	0	line
39	0	0	1	13	3	0	line
40	0	0	1	12	15	0	line
41	0	0	1	12	9	0	line
42	0	0	1	12	2	0	line
43	0	0	1	15	1	0	line
44	0	0	1	11	12	0	line
45	0	0	1	-1	-1	0	none
46	0	0	1	10	7	0	line
47	0	0	1	11	3	0	line
48	0	0	1	14	0	0	line
49	0	0	1	12	11	0	line
50	0	0	1	11	6	0	line
51	0	0	1	15	15	0	line
52	0	0	1	10	4	0	line
53	0	0	1	10	9	0	line
54	0	0	1	11	8	0	line
55	0	0	1	12	6	0	line
56	0	0	1	-1	-1	0	none
57	0	0	1	14	14	0	line
58	0	0	1	10	3	0	line
59	0	0	1	12	7	0	line
60	0	0	1	11	7	0	line
61	0	0	1	13	13	0	line
62	0	0	1	12	1	0	line
63	0	0	1	10	5	0	line
64	0	0	1	12	10	0	line
65	0	0	1	15	11	0	line
66	0	0	1	10	8	0	line
67	0	0	1	11	2	0	line
0	1	0	1	12	19	0	line
1	1	0	1	13	25	0	line
2	1	0	1	10	30	0	line
3	1	0	1	11	20	0	line
4	1	0	1	11	27	0	line
5	1	0	1	14	26	0	line
6	1	0	1	11	29	0	line
7	1	0	1	10	17	0	line
8	1	0	1	10	28	0	line
9	1	0	1	15	23	0	line
10	1	0	1	12	28	0	line
11	1	0	1	-1	-1	0	none
12	1	0	1	11	16	0	line
13	1	0	1	12	30	0	line
14	1	0	1	14	22	0	line
15	1	0	1	10	31	0	line
16	1	0	1	10	26	0	line
17	1	0	1	13	21	0	line
18	1	0	1	11	31	0	line
19	1	0	1	12	21	0	line
20	1	0	1	11	25	0	line
21	1	0	1	12	16	0	line
22	1	0	1	-1	-1	0	none
23	1	0	1	15	19	0	line
24	1	0	1	11	30	0	line
25	1	0	1	12	24	0	line
26	1	0	1	11	17	0	line
27	1	0	1	14	18	0	line
28	1	0	1	12	29	0	line
29	1	0	1	10	22	0	line
30	1	0	1	10	18	0	line
31	1	0	1	12	20	0	line
32	1	0	1	11	21	0	line
33	1	0	1	10	27	0	line
34	1	0	1	13	17	0	line
35	1	0	1	10	16	0	line
36	1	0	1	10	29	0	line
37	1	0	1	11	26	0	line
38	1	0	1	14	20	0	line
39	1	0	1	13	19	0	line
40	1	0	1	12	31	0	line
41	1	0	1	12	25	0	line
42	1	0	1	12	18	0	line
43	1	0	1	15	17	0	line
44	1	0	1	11	28	0	line
45	1	0	1	-1	-1	0	none
46	1	0	1	10	23	0	line
47	1	0	1	11	19	0	line
48	1	0	1	14	16	0	line
49	1	0	1	12	27	0	line
50	1	0	1	11	22	0	line
51	1	0	1	15	31	0	line
52	1	0	1	10	20	0	line
53	1	0	1	10	25	0	line
54	1	0	1	11	24	0	line
55	1	0	1	12	22	0	line
56	1	0	1	-1	-1	0	none
57	1	0	1	14	30	0	line
58	1	0	1	10	19	0	line
59	1	0	1	12	23	0	line
60	1	0	1	11	23	0	line
61	1	0	1	13	29	0	line
62	1	0	1	12	17	0	line
63	1	0	1	10	21	0	line
64	1	0	1	12	26	0	line
65	1	0	1	15	27	0	line
66	1	0	1	10	24	0	line
67	1	0	1	11	18	0	line
0	2	0	1	10	40	0	line
1	2	0	1	15	34	0	line
2	2	0	1	15	43	0	line
3	2	0	1	12	42	0	line
4	2	0	1	13	47	0	line
5	2	0	1	13	36	0	line
6	2	0	1	13	45	0	line
7	2	0	1	11	39	0	line
8	2	0	1	15	45	0	line
9	2	0	1	14	33	0	line
10	2	0	1	14	46	0	line
11	2	0	1	-1	-1	0	none
12	2	0	1	12	38	0	line
13	2	0	1	14	44	0	line
14	2	0	1	13	32	0	line
15	2	0	1	10	36	0	line
16	2	0	1	15	47	0	line
17	2	0	1	14	47	0	line
18	2	0	1	13	43	0	line
19	2	0	1	14	38	0	line
20	2	0	1	14	32	0	line
21	2	0	1	15	41	0	line
22	2	0	1	-1	-1	0	none
23	2	0	1	13	46	0	line
24	2	0	1	11	35	0	line
25	2	0	1	15	33	0	line
26	2	0	1	14	40	0	line
27	2	0	1	15	44	0	line
28	2	0	1	12	34	0	line
29	2	0	1	13	35	0	line
30	2	0	1	13	39	0	line
31	2	0	1	15	37	0	line
32	2	0	1	14	36	0	line
33	2	0	1	10	32	0	line
34	2	0	1	14	43	0	line
35	2	0	1	13	42	0	line
36	2	0	1	10	34	0	line
37	2	0	1	13	33	0	line
38	2	0	1	15	46	0	line
39	2	0	1	14	45	0	line
40	2	0	1	12	36	0	line
41	2	0	1	14	34	0	line
42	2	0	1	15	40	0	line
43	2	0	1	13	44	0	line
44	2	0	1	11	33	0	line
45	2	0	1	-1	-1	0	none
46	2	0	1	15	35	0	line
47	2	0	1	14	39	0	line
48	2	0	1	15	42	0	line
49	2	0	1	12	32	0	line
50	2	0	1	13	37	0	line
51	2	0	1	14	41	0	line
52	2	0	1	13	38	0	line
53	2	0	1	11	47	0	line
54	2	0	1	12	46	0	line
55	2	0	1	15	36	0	line
56	2	0	1	-1	-1	0	none
57	2	0	1	13	40	0	line
58	2	0	1	15	39	0	line
59	2	0	1	10	44	0	line
60	2	0	1	14	35	0	line
61	2	0	1	15	38	0	line
62	2	0	1	14	42	0	line
63	2	0	1	11	43	0	line
64	2	0	1	15	32	0	line
65	2	0	1	14	37	0	line
66	2	0	1	13	34	0	line
67	2	0	1	13	41	0	line
0	3	0	1	12	51	0	line
1	3	0	1	13	57	0	line
2	3	0	1	10	62	0	line
3	3	0	1	11	52	0	line
4	3	0	1	11	59	0	line
5	3	0	1	14	58	0	line
6	3	0	1	11	61	0	line
7	3	0	1	10	49	0	line
8	3	0	1	10	60	0	line
9	3	0	1	15	55	0	line
10	3	0	1	12	60	0	line
11	3	0	1	-1	-1	0	none
12	3	0	1	11	48	0	line
13	3	0	1	12	62	0	line
14	3	0	1	14	54	0	line
15	3	0	1	10	63	0	line
16	3	0	1	10	58	0	line
17	3	0	1	13	53	0	line
18	3	0	1	11	63	0	line
19	3	0	1	12	53	0	line
20	3	0	1	11	57	0	line
21	3	0	1	12	48	0	line
22	3	0	1	-1	-1	0	none
23	3	0	1	15	51	0	line
24	3	0	1	11	62	0	line
25	3	0	1	12	56	0	line
26	3	0	1	11	49	0	line
27	3	0	1	14	50	0	line
28	3	0	1	12	61	0	line
29	3	0	1	10	54	0	line
30	3	0	1	10	50	0	line
31	3	0	1	12	52	0	line
32	3	0	1	11	53	0	line
33	3	0	1	10	59	0	line
34	3	0	1	13	49	0	line
35	3	0	1	10	48	0	line
36	3	0	1	10	61	0	line
37	3	0	1	11	58	0	line
38	3	0	1	14	52	0	line
39	3	0	1	13	51	0	line
40	3	0	1	12	63	0	line
41	3	0	1	12	57	0	line
42	3	0	1	12	50	0	line
43	3	0	1	15	49	0	line
44	3	0	1	11	60	0	line
45	3	0	1	-1	-1	0	none
46	3	0	1	10	55	0	line
47	3	0	1	11	51	0	line
48	3	0	1	14	48	0	line
49	3	0	1	12	59	0	line
50	3	0	1	11	54	0	line
51	3	0	1	15	63	0	line
52	3	0	1	10	52	0	line
53	3	0	1	10	57	0	line
54	3	0	1	11	56	0	line
55	3	0	1	12	54	0	line
56	3	0	1	-1	-1	0	none
57	3	0	1	14	62	0	line
58	3	0	1	10	51	0	line
59	3	0	1	12	55	0	line
60	3	0	1	11	55	0	line
61	3	0	1	13	61	0	line
62	3	0	1	12	49	0	line
63	3	0	1	10	53	0	line
64	3	0	1	12	58	0	line
65	3	0	1	15	59	0	line
66	3	0	1	10	56	0	line
67	3	0	1	11	50	0	line
0	0	1	1	4	8	0	line
1	0	1	1	9	2	0	line
2	0	1	1	9	11	0	line
3	0	1	1	6	10	0	line
4	0	1	1	7	15	0	line
5	0	1	1	7	4	0	line
6	0	1	1	7	13	0	line
7	0	1	1	5	7	0	line
8	0	1	1	9	13	0	line
9	0	1	1	8	1	0	line
10	0	1	1	8	14	0	line
11	0	1	1	-1	-1	0	none
12	0	1	1	6	6	0	line
13	0	1	1	8	12	0	line
14	0	1	1	7	0	0	line
15	0	1	1	4	4	0	line
16	0	1	1	9	15	0	line
17	0	1	1	8	15	0	line
18	0	1	1	7	11	0	line
19	0	1	1	8	6	0	line
20	0	1	1	8	0	0	line
21	0	1	1	9	9	0	line
22	0	1	1	-1	-1	0	none
23	0	1	1	7	14	0	line
24	0	1	1	5	3	0	line
25	0	1	1	9	1	0	line
26	0	1	1	8	8	0	line
27	0	1	1	9	12	0	line
28	0	1	1	6	2	0	line
29	0	1	1	7	3	0	line
30	0	1	1	7	7	0	line
31	0	1	1	9	5	0	line
32	0	1	1	8	4	0	line
33	0	1	1	4	0	0	line
34	0	1	1	8	11	0	line
35	0	1	1	7	10	0	line
36	0	1	1	4	2	0	line
37	0	1	1	7	1	0	line
38	0	1	1	9	14	0	line
39	0	1	1	8	13	0	line
40	0	1	1	6	4	0	line
41	0	1	1	8	2	0	line
42	0	1	1	9	8	0	line
43	0	1	1	7	12	0	line
44	0	1	1	5	1	0	line
45	0	1	1	-1	-1	0	none
46	0	1	1	9	3	0	line
47	0	1	1	8	7	0	line
48	0	1	1	9	10	0	line
49	0	1	1	6	0	0	line
50	0	1	1	7	5	0	line
51	0	1	1	8	9	0	line
52	0	1	1	7	6	0	line
53	0	1	1	5	15	0	line
54	0	1	1	6	14	0	line
55	0	1	1	9	4	0	line
56	0	1	1	-1	-1	0	none
57	0	1	1	7	8	0	line
58	0	1	1	9	7	0	line
59	0	1	1	4	12	0	line
60	0	1	1	8	3	0	line
61	0	1	1	9	6	0	line
62	0	1	1	8	10	0	line
63	0	1	1	5	11	0	line
64	0	1	1	9	0	0	line
65	0	1	1	8	5	0	line
66	0	1	1	7	2	0	line
67	0	1	1	7	9	0	line
0	1	1	1	4	24	0	line
1	1	1	1	9	18	0	line
2	1	1	1	9	27	0	line
3	1	1	1	6	26	0	line
4	1	1	1	7	31	0	line
5	1	1	1	7	20	0	line
6	1	1	1	7	29	0	line
7	1	1	1	5	23	0	line
8	1	1	1	9	29	0	line
9	1	1	1	8	17	0	line
10	1	1	1	8	30	0	line
11	1	1	1	-1	-1	0	none
12	1	1	1	6	22	0	line
13	1	1	1	8	28	0	line
14	1	1	1	7	16	0	line
15	1	1	1	4	20	0	line
16	1	1	1	9	31	0	line
17	1	1	1	8	31	0	line
18	1	1	1	7	27	0	line
19	1	1	1	8	22	0	line
20	1	1	1	8	16	0	line
21	1	1	1	9	25	0	line
22	1	1	1	-1	-1	0	none
23	1	1	1	7	30	0	line
24	1	1	1	5	19	0	line
25	1	1	1	9	17	0	line
26	1	1	1	8	24	0	line
27	1	1	1	9	28	0	line
28	1	1	1	6	18	0	line
29	1	1	1	7	19	0	line
30	1	1	1	7	23	0	line
31	1	1	1	9	21	0	line
32	1	1	1	8	20	0	line
33	1	1	1	4	16	0	line
34	1	1	1	8	27	0	line
35	1	1	1	7	26	0	line
36	1	1	1	4	18	0	line
37	1	1	1	7	17	0	line
38	1	1	1	9	30	0	line
39	1	1	1	8	29	0	line
40	1	1	1	6	20	0	line
41	1	1	1	8	18	0	line
42	1	1	1	9	24	0	line
43	1	1	1	7	28	0	line
44	1	1	1	5	17	0	line
45	1	1	1	-1	-1	0	none
46	1	1	1	9	19	0	line
47	1	1	1	8	23	0	line
48	1	1	1	9	26	0	line
49	1	1	1	6	16	0	line
50	1	1	1	7	21	0	line
51	1	1	1	8	25	0	line
52	1	1	1	7	22	0	line
53	1	1	1	5	31	0	line
54	1	1	1	6	30	0	line
55	1	1	1	9	20	0	line
56	1	1	1	-1	-1	0	none
57	1	1	1	7	24	0	line
58	1	1	1	9	23	0	line
59	1	1	1	4	28	0	line
60	1	1	1	8	19	0	line
61	1	1	1	9	22	0	line
62	1	1	1	8	26	0	line
63	1	1	1	5	27	0	line
64	1	1	1	9	16	0	line
65	1	1	1	8	21	0	line
66	1	1	1	7	18	0	line
67	1	1	1	7	25	0	line
0	2	1	1	7	34	0	line
1	2	1	1	11	34	0	line
2	2	1	1	8	37	0	line
3	2	1	1	9	32	0	line
4	2	1	1	10	37	0	line
5	2	1	1	12	33	0	line
6	2	1	1	9	38	0	line
7	2	1	1	8	35	0	line
8	2	1	1	12	39	0	line
9	2	1	1	10	35	0	line
10	2	1	1	7	40	0	line
11	2	1	1	-1	-1	0	none
12	2	1	1	9	36	0	line
13	2	1	1	11	40	0	line
14	2	1	1	12	37	0	line
15	2	1	1	7	38	0	line
16	2	1	1	8	41	0	line
17	2	1	1	11	38	0	line
18	2	1	1	10	41	0	line
19	2	1	1	7	32	0	line
20	2	1	1	9	42	0	line
21	2	1	1	12	43	0	line
22	2	1	1	-1	-1	0	none
23	2	1	1	10	39	0	line
24	2	1	1	8	39	0	line
25	2	1	1	7	44	0	line
26	2	1	1	11	44	0	line
27	2	1	1	12	41	0	line
28	2	1	1	9	40	0	line
29	2	1	1	8	45	0	line
30	2	1	1	10	45	0	line
31	2	1	1	12	47	0	line
32	2	1	1	9	46	0	line
33	2	1	1	7	42	0	line
34	2	1	1	11	42	0	line
35	2	1	1	10	43	0	line
36	2	1	1	7	39	0	line
37	2	1	1	8	43	0	line
38	2	1	1	11	37	0	line
39	2	1	1	10	38	0	line
40	2	1	1	9	37	0	line
41	2	1	1	9	44	0	line
42	2	1	1	12	45	0	line
43	2	1	1	12	40	0	line
44	2	1	1	8	40	0	line
45	2	1	1	-1	-1	0	none
46	2	1	1	7	46	0	line
47	2	1	1	11	46	0	line
48	2	1	1	11	41	0	line
49	2	1	1	9	41	0	line
50	2	1	1	8	47	0	line
51	2	1	1	10	42	0	line
52	2	1	1	10	47	0	line
53	2	1	1	7	43	0	line
54	2	1	1	8	44	0	line
55	2	1	1	11	32	0	line
56	2	1	1	-1	-1	0	none
57	2	1	1	12	44	0	line
58	2	1	1	8	33	0	line
59	2	1	1	9	45	0	line
60	2	1	1	10	33	0	line
61	2	1	1	11	45	0	line
62	2	1	1	7	36	0	line
63	2	1	1	7	47	0	line
64	2	1	1	11	36	0	line
65	2	1	1	10	46	0	line
66	2	1	1	12	35	0	line
67	2	1	1	9	34	0	line
0	3	1	1	13	50	0	line
1	3	1	1	5	50	0	line
2	3	1	1	14	53	0	line
3	3	1	1	15	48	0	line
4	3	1	1	4	53	0	line
5	3	1	1	6	49	0	line
6	3	1	1	15	54	0	line
7	3	1	1	14	51	0	line
8	3	1	1	6	55	0	line
9	3	1	1	4	51	0	line
10	3	1	1	13	56	0	line
11	3	1	1	-1	-1	0	none
12	3	1	1	15	52	0	line
13	3	1	1	5	56	0	line
14	3	1	1	6	53	0	line
15	3	1	1	13	54	0	line
16	3	1	1	14	57	0	line
17	3	1	1	5	54	0	line
18	3	1	1	4	57	0	line
19	3	1	1	13	48	0	line
20	3	1	1	15	58	0	line
21	3	1	1	6	59	0	line
22	3	1	1	-1	-1	0	none
23	3	1	1	4	55	0	line
24	3	1	1	14	55	0	line
25	3	1	1	13	60	0	line
26	3	1	1	5	60	0	line
27	3	1	1	6	57	0	line
28	3	1	1	15	56	0	line
29	3	1	1	14	61	0	line
30	3	1	1	4	61	0	line
31	3	1	1	6	63	0	line
32	3	1	1	15	62	0	line
33	3	1	1	13	58	0	line
34	3	1	1	5	58	0	line
35	3	1	1	4	59	0	line
36	3	1	1	13	55	0	line
37	3	1	1	14	59	0	line
38	3	1	1	5	53	0	line
39	3	1	1	4	54	0	line
40	3	1	1	15	53	0	line
41	3	1	1	15	60	0	line
42	3	1	1	6	61	0	line
43	3	1	1	6	56	0	line
44	3	1	1	14	56	0	line
45	3	1	1	-1	-1	0	none
46	3	1	1	13	62	0	line
47	3	1	1	5	62	0	line
48	3	1	1	5	57	0	line
49	3	1	1	15	57	0	line
50	3	1	1	14	63	0	line
51	3	1	1	4	58	0	line
52	3	1	1	4	63	0	line
53	3	1	1	13	59	0	line
54	3	1	1	14	60	0	line
55	3	1	1	5	48	0	line
56	3	1	1	-1	-1	0	none
57	3	1	1	6	60	0	line
58	3	1	1	14	49	0	line
59	3	1	1	15	61	0	line
60	3	1	1	4	49	0	line
61	3	1	1	5	61	0	line
62	3	1	1	13	52	0	line
63	3	1	1	13	63	0	line
64	3	1	1	5	52	0	line
65	3	1	1	4	62	0	line
66	3	1	1	6	51	0	line
67	3	1	1	15	50	0	line
0	0	2	1	13	2	0	line
1	0	2	1	5	2	0	line
2	0	2	1	14	5	0	line
3	0	2	1	15	0	0	line
4	0	2	1	4	5	0	line
5	0	2	1	6	1	0	line
6	0	2	1	15	6	0	line
7	0	2	1	14	3	0	line
8	0	2	1	6	7	0	line
9	0	2	1	4	3	0	line
10	0	2	1	13	8	0	line
11	0	2	1	-1	-1	0	none
12	0	2	1	15	4	0	line
13	0	2	1	5	8	0	line
14	0	2	1	6	5	0	line
15	0	2	1	13	6	0	line
16	0	2	1	14	9	0	line
17	0	2	1	5	6	0	line
18	0	2	1	4	9	0	line
19	0	2	1	13	0	0	line
20	0	2	1	15	10	0	line
21	0	2	1	6	11	0	line
22	0	2	1	-1	-1	0	none
23	0	2	1	4	7	0	line
24	0	2	1	14	7	0	line
25	0	2	1	13	12	0	line
26	0	2	1	5	12	0	line
27	0	2	1	6	9	0	line
28	0	2	1	15	8	0	line
29	0	2	1	14	13	0	line
30	0	2	1	4	13	0	line
31	0	2	1	6	15	0	line
32	0	2	1	15	14	0	line
33	0	2	1	13	10	0	line
34	0	2	1	5	10	0	line
35	0	2	1	4	11	0	line
36	0	2	1	13	7	0	line
37	0	2	1	14	11	0	line
38	0	2	1	5	5	0	line
39	0	2	1	4	6	0	line
40	0	2	1	15	5	0	line
41	0	2	1	15	12	0	line
42	0	2	1	6	13	0	line
43	0	2	1	6	8	0	line
44	0	2	1	14	8	0	line
45	0	2	1	-1	-1	0	none
46	0	2	1	13	14	0	line
47	0	2	1	5	14	0	line
48	0	2	1	5	9	0	line
49	0	2	1	15	9	0	line
50	0	2	1	14	15	0	line
51	0	2	1	4	10	0	line
52	0	2	1	4	15	0	line
53	0	2	1	13	11	0	line
54	0	2	1	14	12	0	line
55	0	2	1	5	0	0	line
56	0	2	1	-1	-1	0	none
57	0	2	1	6	12	0	line
58	0	2	1	14	1	0	line
59	0	2	1	15	13	0	line
60	0	2	1	4	1	0	line
61	0	2	1	5	13	0	line
62	0	2	1	13	4	0	line
63	0	2	1	13	15	0	line
64	0	2	1	5	4	0	line
65	0	2	1	4	14	0	line
66	0	2	1	6	3	0	line
67	0	2	1	15	2	0	line
0	1	2	1	13	18	0	line
1	1	2	1	5	18	0	line
2	1	2	1	14	21	0	line
3	1	2	1	15	16	0	line
4	1	2	1	4	21	0	line
5	1	2	1	6	17	0	line
6	1	2	1	15	22	0	line
7	1	2	1	14	19	0	line
8	1	2	1	6	23	0	line
9	1	2	1	4	19	0	line
10	1	2	1	13	24	0	line
11	1	2	1	-1	-1	0	none
12	1	2	1	15	20	0	line
13	1	2	1	5	24	0	line
14	1	2	1	6	21	0	line
15	1	2	1	13	22	0	line
16	1	2	1	14	25	0	line
17	1	2	1	5	22	0	line
18	1	2	1	4	25	0	line
19	1	2	1	13	16	0	line
20	1	2	1	15	26	0	line
21	1	2	1	6	27	0	line
22	1	2	1	-1	-1	0	none
23	1	2	1	4	23	0	line
24	1	2	1	14	23	0	line
25	1	2	1	13	28	0	line
26	1	2	1	5	28	0	line
27	1	2	1	6	25	0	line
28	1	2	1	15	24	0	line
29	1	2	1	14	29	0	line
30	1	2	1	4	29	0	line
31	1	2	1	6	31	0	line
32	1	2	1	15	30	0	line
33	1	2	1	13	26	0	line
34	1	2	1	5	26	0	line
35	1	2	1	4	27	0	line
36	1	2	1	13	23	0	line
37	1	2	1	14	27	0	line
38	1	2	1	5	21	0	line
39	1	2	1	4	22	0	line
40	1	2	1	15	21	0	line
41	1	2	1	15	28	0	line
42	1	2	1	6	29	0	line
43	1	2	1	6	24	0	line
44	1	2	1	14	24	0	line
45	1	2	1	-1	-1	0	none
46	1	2	1	13	30	0	line
47	1	2	1	5	30	0	line
48	1	2	1	5	25	0	line
49	1	2	1	15	25	0	line
50	1	2	1	14	31	0	line
51	1	2	1	4	26	0	line
52	1	2	1	4	31	0	line
53	1	2	1	13	27	0	line
54	1	2	1	14	28	0	line
55	1	2	1	5	16	0	line
56	1	2	1	-1	-1	0	none
57	1	2	1	6	28	0	line
58	1	2	1	14	17	0	line
59	1	2	1	15	29	0	line
60	1	2	1	4	17	0	line
61	1	2	1	5	29	0	line
62	1	2	1	13	20	0	line
63	1	2	1	13	31	0	line
64	1	2	1	5	20	0	line
65	1	2	1	4	30	0	line
66	1	2	1	6	19	0	line
67	1	2	1	15	18	0	line
0	2	2	1	6	35	0	line
1	2	2	1	7	41	0	line
2	2	2	1	4	46	0	line
3	2	2	1	5	36	0	line
4	2	2	1	5	43	0	line
5	2	2	1	8	42	0	line
6	2	2	1	5	45	0	line
7	2	2	1	4	33	0	line
8	2	2	1	4	44	0	line
9	2	2	1	9	39	0	line
10	2	2	1	6	44	0	line
11	2	2	1	-1	-1	0	none
12	2	2	1	5	32	0	line
13	2	2	1	6	46	0	line
14	2	2	1	8	38	0	line
15	2	2	1	4	47	0	line
16	2	2	1	4	42	0	line
17	2	2	1	7	37	0	line
18	2	2	1	5	47	0	line
19	2	2	1	6	37	0	line
20	2	2	1	5	41	0	line
21	2	2	1	6	32	0	line
22	2	2	1	-1	-1	0	none
23	2	2	1	9	35	0	line
24	2	2	1	5	46	0	line
25	2	2	1	6	40	0	line
26	2	2	1	5	33	0	line
27	2	2	1	8	34	0	line
28	2	2	1	6	45	0	line
29	2	2	1	4	38	0	line
30	2	2	1	4	34	0	line
31	2	2	1	6	36	0	line
32	2	2	1	5	37	0	line
33	2	2	1	4	43	0	line
34	2	2	1	7	33	0	line
35	2	2	1	4	32	0	line
36	2	2	1	4	45	0	line
37	2	2	1	5	42	0	line
38	2	2	1	8	36	0	line
39	2	2	1	7	35	0	line
40	2	2	1	6	47	0	line
41	2	2	1	6	41	0	line
42	2	2	1	6	34	0	line
43	2	2	1	9	33	0	line
44	2	2	1	5	44	0	line
45	2	2	1	-1	-1	0	none
46	2	2	1	4	39	0	line
47	2	2	1	5	35	0	line
48	2	2	1	8	32	0	line
49	2	2	1	6	43	0	line
50	2	2	1	5	38	0	line
51	2	2	1	9	47	0	line
52	2	2	1	4	36	0	line
53	2	2	1	4	41	0	line
54	2	2	1	5	40	0	line
55	2	2	1	6	38	0	line
56	2	2	1	-1	-1	0	none
57	2	2	1	8	46	0	line
58	2	2	1	4	35	0	line
59	2	2	1	6	39	0	line
60	2	2	1	5	39	0	line
61	2	2	1	7	45	0	line
62	2	2	1	6	33	0	line
63	2	2	1	4	37	0	line
64	2	2	1	6	42	0	line
65	2	2	1	9	43	0	line
66	2	2	1	4	40	0	line
67	2	2	1	5	34	0	line
0	3	2	1	4	56	0	line
1	3	2	1	9	50	0	line
2	3	2	1	9	59	0	line
3	3	2	1	6	58	0	line
4	3	2	1	7	63	0	line
5	3	2	1	7	52	0	line
6	3	2	1	7	61	0	line
7	3	2	1	5	55	0	line
8	3	2	1	9	61	0	line
9	3	2	1	8	49	0	line
10	3	2	1	8	62	0	line
11	3	2	1	-1	-1	0	none
12	3	2	1	6	54	0	line
13	3	2	1	8	60	0	line
14	3	2	1	7	48	0	line
15	3	2	1	4	52	0	line
16	3	2	1	9	63	0	line
17	3	2	1	8	63	0	line
18	3	2	1	7	59	0	line
19	3	2	1	8	54	0	line
20	3	2	1	8	48	0	line
21	3	2	1	9	57	0	line
22	3	2	1	-1	-1	0	none
23	3	2	1	7	62	0	line
24	3	2	1	5	51	0	line
25	3	2	1	9	49	0	line
26	3	2	1	8	56	0	line
27	3	2	1	9	60	0	line
28	3	2	1	6	50	0	line
29	3	2	1	7	51	0	line
30	3	2	1	7	55	0	line
31	3	2	1	9	53	0	line
32	3	2	1	8	52	0	line
33	3	2	1	4	48	0	line
34	3	2	1	8	59	0	line
35	3	2	1	7	58	0	line
36	3	2	1	4	50	0	line
37	3	2	1	7	49	0	line
38	3	2	1	9	62	0	line
39	3	2	1	8	61	0	line
40	3	2	1	6	52	0	line
41	3	2	1	8	50	0	line
42	3	2	1	9	56	0	line
43	3	2	1	7	60	0	line
44	3	2	1	5	49	0	line
45	3	2	1	-1	-1	0	none
46	3	2	1	9	51	0	line
47	3	2	1	8	55	0	line
48	3	2	1	9	58	0	line
49	3	2	1	6	48	0	line
50	3	2	1	7	53	0	line
51	3	2	1	8	57	0	line
52	3	2	1	7	54	0	line
53	3	2	1	5	63	0	line
54	3	2	1	6	62	0	line
55	3	2	1	9	52	0	line
56	3	2	1	-1	-1	0	none
57	3	2	1	7	56	0	line
58	3	2	1	9	55	0	line
59	3	2	1	4	60	0	line
60	3	2	1	8	51	0	line
61	3	2	1	9	54	0	line
62	3	2	1	8	58	0	line
63	3	2	1	5	59	0	line
64	3	2	1	9	48	0	line
65	3	2	1	8	53	0	line
66	3	2	1	7	50	0	line
67	3	2	1	7	57	0	line
0	0	3	1	0	8	0	line
1	0	3	1	3	2	0	line
2	0	3	1	3	11	0	line
3	0	3	1	0	12	0	line
4	0	3	1	1	15	0	line
5	0	3	1	1	4	0	line
6	0	3	1	1	13	0	line
7	0	3	1	0	4	0	line
8	0	3	1	3	13	0	line
9	0	3	1	2	1	0	line
10	0	3	1	2	14	0	line
11	0	3	1	-1	-1	0	none
12	0	3	1	0	0	0	line
13	0	3	1	2	12	0	line
14	0	3	1	1	0	0	line
15	0	3	1	0	14	0	line
16	0	3	1	3	15	0	line
17	0	3	1	2	15	0	line
18	0	3	1	1	11	0	line
19	0	3	1	2	6	0	line
20	0	3	1	2	0	0	line
21	0	3	1	3	9	0	line
22	0	3	1	-1	-1	0	none
23	0	3	1	1	14	0	line
24	0	3	1	0	10	0	line
25	0	3	1	3	1	0	line
26	0	3	1	2	8	0	line
27	0	3	1	3	12	0	line
28	0	3	1	0	6	0	line
29	0	3	1	1	3	0	line
30	0	3	1	1	7	0	line
31	0	3	1	3	5	0	line
32	0	3	1	2	4	0	line
33	0	3	1	0	2	0	line
34	0	3	1	2	11	0	line
35	0	3	1	1	10	0	line
36	0	3	1	0	11	0	line
37	0	3	1	1	1	0	line
38	0	3	1	3	14	0	line
39	0	3	1	2	13	0	line
40	0	3	1	0	15	0	line
41	0	3	1	2	2	0	line
42	0	3	1	3	8	0	line
43	0	3	1	1	12	0	line
44	0	3	1	0	7	0	line
45	0	3	1	-1	-1	0	none
46	0	3	1	3	3	0	line
47	0	3	1	2	7	0	line
48	0	3	1	3	10	0	line
49	0	3	1	0	3	0	line
50	0	3	1	1	5	0	line
51	0	3	1	2	9	0	line
52	0	3	1	1	6	0	line
53	0	3	1	0	13	0	line
54	0	3	1	0	9	0	line
55	0	3	1	3	4	0	line
56	0	3	1	-1	-1	0	none
57	0	3	1	1	8	0	line
58	0	3	1	3	7	0	line
59	0	3	1	0	5	0	line
60	0	3	1	2	3	0	line
61	0	3	1	3	6	0	line
62	0	3	1	2	10	0	line
63	0	3	1	0	1	0	line
64	0	3	1	3	0	0	line
65	0	3	1	2	5	0	line
66	0	3	1	1	2	0	line
67	0	3	1	1	9	0	line
0	1	3	1	0	24	0	line
1	1	3	1	3	18	0	line
2	1	3	1	3	27	0	line
3	1	3	1	0	28	0	line
4	1	3	1	1	31	0	line
5	1	3	1	1	20	0	line
6	1	3	1	1	29	0	line
7	1	3	1	0	20	0	line
8	1	3	1	3	29	0	line
9	1	3	1	2	17	0	line
10	1	3	1	2	30	0	line
11	1	3	1	-1	-1	0	none
12	1	3	1	0	16	0	line
13	1	3	1	2	28	0	line
14	1	3	1	1	16	0	line
15	1	3	1	0	30	0	line
16	1	3	1	3	31	0	line
17	1	3	1	2	31	0	line
18	1	3	1	1	27	0	line
19	1	3	1	2	22	0	line
20	1	3	1	2	16	0	line
21	1	3	1	3	25	0	line
22	1	3	1	-1	-1	0	none
23	1	3	1	1	30	0	line
24	1	3	1	0	26	0	line
25	1	3	1	3	17	0	line
26	1	3	1	2	24	0	line
27	1	3	1	3	28	0	line
28	1	3	1	0	22	0	line
29	1	3	1	1	19	0	line
30	1	3	1	1	23	0	line
31	1	3	1	3	21	0	line
32	1	3	1	2	20	0	line
33	1	3	1	0	18	0	line
34	1	3	1	2	27	0	line
35	1	3	1	1	26	0	line
36	1	3	1	0	27	0	line
37	1	3	1	1	17	0	line
38	1	3	1	3	30	0	line
39	1	3	1	2	29	0	line
40	1	3	1	0	31	0	line
41	1	3	1	2	18	0	line
42	1	3	1	3	24	0	line
43	1	3	1	1	28	0	line
44	1	3	1	0	23	0	line
45	1	3	1	-1	-1	0	none
46	1	3	1	3	19	0	line
47	1	3	1	2	23	0	line
48	1	3	1	3	26	0	line
49	1	3	1	0	19	0	line
50	1	3	1	1	21	0	line
51	1	3	1	2	25	0	line
52	1	3	1	1	22	0	line
53	1	3	1	0	29	0	line
54	1	3	1	0	25	0	line
55	1	3	1	3	20	0	line
56	1	3	1	-1	-1	0	none
57	1	3	1	1	24	0	line
58	1	3	1	3	23	0	line
59	1	3	1	0	21	0	line
60	1	3	1	2	19	0	line
61	1	3	1	3	22	0	line
62	1	3	1	2	26	0	line
63	1	3	1	0	17	0	line
64	1	3	1	3	16	0	line
65	1	3	1	2	21	0	line
66	1	3	1	1	18	0	line
67	1	3	1	1	25	0	line
0	2	3	1	0	40	0	line
1	2	3	1	3	34	0	line
2	2	3	1	3	43	0	line
3	2	3	1	0	44	0	line
4	2	3	1	1	47	0	line
5	2	3	1	1	36	0	line
6	2	3	1	1	45	0	line
7	2	3	1	0	36	0	line
8	2	3	1	3	45	0	line
9	2	3	1	2	33	0	line
10	2	3	1	2	46	0	line
11	2	3	1	-1	-1	0	none
12	2	3	1	0	32	0	line
13	2	3	1	2	44	0	line
14	2	3	1	1	32	0	line
15	2	3	1	0	46	0	line
16	2	3	1	3	47	0	line
17	2	3	1	2	47	0	line
18	2	3	1	1	43	0	line
19	2	3	1	2	38	0	line
20	2	3	1	2	32	0	line
21	2	3	1	3	41	0	line
22	2	3	1	-1	-1	0	none
23	2	3	1	1	46	0	line
24	2	3	1	0	42	0	line
25	2	3	1	3	33	0	line
26	2	3	1	2	40	0	line
27	2	3	1	3	44	0	line
28	2	3	1	0	38	0	line
29	2	3	1	1	35	0	line
30	2	3	1	1	39	0	line
31	2	3	1	3	37	0	line
32	2	3	1	2	36	0	line
33	2	3	1	0	34	0	line
34	2	3	1	2	43	0	line
35	2	3	1	1	42	0	line
36	2	3	1	0	43	0	line
37	2	3	1	1	33	0	line
38	2	3	1	3	46	0	line
39	2	3	1	2	45	0	line
40	2	3	1	0	47	0	line
41	2	3	1	2	34	0	line
42	2	3	1	3	40	0	line
43	2	3	1	1	44	0	line
44	2	3	1	0	39	0	line
45	2	3	1	-1	-1	0	none
46	2	3	1	3	35	0	line
47	2	3	1	2	39	0	line
48	2	3	1	3	42	0	line
49	2	3	1	0	35	0	line
50	2	3	1	1	37	0	line
51	2	3	1	2	41	0	line
52	2	3	1	1	38	0	line
53	2	3	1	0	45	0	line
54	2	3	1	0	41	0	line
55	2	3	1	3	36	0	line
56	2	3	1	-1	-1	0	none
57	2	3	1	1	40	0	line
58	2	3	1	3	39	0	line
59	2	3	1	0	37	0	line
60	2	3	1	2	35	0	line
61	2	3	1	3	38	0	line
62	2	3	1	2	42	0	line
63	2	3	1	0	33	0	line
64	2	3	1	3	32	0	line
65	2	3	1	2	37	0	line
66	2	3	1	1	34	0	line
67	2	3	1	1	41	0	line
0	3	3	1	0	56	0	line
1	3	3	1	3	50	0	line
2	3	3	1	3	59	0	line
3	3	3	1	0	60	0	line
4	3	3	1	1	63	0	line
5	3	3	1	1	52	0	line
6	3	3	1	1	61	0	line
7	3	3	1	0	52	0	line
8	3	3	1	3	61	0	line
9	3	3	1	2	49	0	line
10	3	3	1	2	62	0	line
11	3	3	1	-1	-1	0	none
12	3	3	1	0	48	0	line
13	3	3	1	2	60	0	line
14	3	3	1	1	48	0	line
15	3	3	1	0	62	0	line
16	3	3	1	3	63	0	line
17	3	3	1	2	63	0	line
18	3	3	1	1	59	0	line
19	3	3	1	2	54	0	line
20	3	3	1	2	48	0	line
21	3	3	1	3	57	0	line
22	3	3	1	-1	-1	0	none
23	3	3	1	1	62	0	line
24	3	3	1	0	58	0	line
25	3	3	1	3	49	0	line
26	3	3	1	2	56	0	line
27	3	3	1	3	60	0	line
28	3	3	1	0	54	0	line
29	3	3	1	1	51	0	line
30	3	3	1	1	55	0	line
31	3	3	1	3	53	0	line
32	3	3	1	2	52	0	line
33	3	3	1	0	50	0	line
34	3	3	1	2	59	0	line
35	3	3	1	1	58	0	line
36	3	3	1	0	59	0	line
37	3	3	1	1	49	0	line
38	3	3	1	3	62	0	line
39	3	3	1	2	61	0	line
40	3	3	1	0	63	0	line
41	3	3	1	2	50	0	line
42	3	3	1	3	56	0	line
43	3	3	1	1	60	0	line
44	3	3	1	0	55	0	line
45	3	3	1	-1	-1	0	none
46	3	3	1	3	51	0	line
47	3	3	1	2	55	0	line
48	3	3	1	3	58	0	line
49	3	3	1	0	51	0	line
50	3	3	1	1	53	0	line
51	3	3	1	2	57	0	line
52	3	3	1	1	54	0	line
53	3	3	1	0	61	0	line
54	3	3	1	0	57	0	line
55	3	3	1	3	52	0	line
56	3	3	1	-1	-1	0	none
57	3	3	1	1	56	0	line
58	3	3	1	3	55	0	line
59	3	3	1	0	53	0	line
60	3	3	1	2	51	0	line
61	3	3	1	3	54	0	line
62	3	3	1	2	58	0	line
63	3	3	1	0	49	0	line
64	3	3	1	3	48	0	line
65	3	3	1	2	53	0	line
66	3	3	1	1	50	0	line
67	3	3	1	1	57	0	line
#chan	aget	asad	cobo	row	col	detector	psa
#dssd
0	1	0	2	1	0	1000	dssdbasic
1	1	0	2	0	31	2000	dssdbasic
2	1	0	2	1	1	3000	dssdbasic
3	1	0	2	0	30	4000	dssdbasic
4	1	0	2	1	2	5000	dssdbasic
5	1	0	2	0	29	6000	dssdbasic
6	1	0	2	1	3	7000	dssdbasic
7	1	0	2	0	28	8000	dssdbasic
8	1	0	2	1	4	9000	dssdbasic
9	1	0	2	0	27	10000	dssdbasic
10	1	0	2	1	5	11000	dssdbasic
11	1	0	2	0	26	12000	dssdbasic
12	1	0	2	1	6	13000	dssdbasic
13	1	0	2	0	25	14000	dssdbasic
14	1	0	2	1	7	15000	dssdbasic
15	1	0	2	0	24	16000	dssdbasic
16	1	0	2	1	8	17000	dssdbasic
17	1	0	2	0	23	18000	dssdbasic
18	1	0	2	1	9	19000	dssdbasic
19	1	0	2	0	22	20000	dssdbasic
20	1	0	2	1	10	21000	dssdbasic
21	1	0	2	0	21	22000	dssdbasic
22	1	0	2	1	11	23000	dssdbasic
23	1	0	2	0	20	24000	dssdbasic
24	1	0	2	1	12	25000	dssdbasic
25	1	0	2	0	19	26000	dssdbasic
26	1	0	2	1	13	27000	dssdbasic
27	1	0	2	0	18	28000	dssdbasic
28      1	0	2	1	14	29000	dssdbasic
29      1	0	2	0	17	30000	dssdbasic
30	0	0	2	1	15	31000	dssdbasic
31	0	0	2	0	16	32000	dssdbasic
32	0	0	2	1	16	33000	dssdbasic
33	0	0	2	0	15	34000	dssdbasic
34	0	0	2	1	17	35000	dssdbasic
35	0	0	2	0	14	36000	dssdbasic
36	0	0	2	1	18	37000	dssdbasic
37	0	0	2	0	13	38000	dssdbasic
38	0	0	2	1	19	39000	dssdbasic
39	0	0	2	0	12	40000	dssdbasic
40	0	0	2	1	20	41000	dssdbasic
41	0	0	2	0	11	42000	dssdbasic
42	0	0	2	1	21	43000	dssdbasic
43	0	0	2	0	10	44000	dssdbasic
44	0	0	2	1	22	45000	dssdbasic
45	0	0	2	0	9	46000	dssdbasic
46	0	0	2	1	23	47000	dssdbasic
47	0	0	2	0	8	48000	dssdbasic
48	0	0	2	1	24	49000	dssdbasic
49	0	0	2	0	7	50000	dssdbasic
50	0	0	2	1	25	51000	dssdbasic
51	0	0	2	0	6	52000	dssdbasic
52	0	0	2	1	26	53000	dssdbasic
53	0	0	2	0	5	54000	dssdbasic
54	0	0	2	1	27	55000	dssdbasic
55	0	0	2	0	4	56000	dssdbasic
56	0	0	2	1	28	57000	dssdbasic
57	0	0	2	0	3	58000	dssdbasic
58	0	0	2	1	29	59000	dssdbasic
59	0	0	2	0	2	60000	dssdbasic
60	0	0	2	1	30	61000	dssdbasic
61	0	0	2	0	1	62000	dssdbasic
62	0	0	2	1	31	63000	dssdbasic
63	0	0	2	0	0	64000	dssdbasic
#chan	aget	asad	cobo	row	col	detector	psa
#si-wall
0	0	1	2	0	1	1	dssdbasic
1	0	1	2	0	2	2	dssdbasic
2	0	1	2	0	3	3	dssdbasic
3	0	1	2	0	4	4	dssdbasic
4	0	1	2	0	5	5	dssdbasic
5	0	1	2	0	6	6	dssdbasic	
6	0	1	2	0	7	7	dssdbasic
7	0	1	2	0	8	8	dssdbasic
8	0	1	2	0	9	9	dssdbasic
9	0	1	2	0	10	10	dssdbasic
10	0	1	2	1	0	11	dssdbasic
12	0	1	2	1	1	12	dssdbasic
13	0	1	2	1	2	13	dssdbasic
14	0	1	2	1	3	14	dssdbasic
15	0	1	2	1	4	15	dssdbasic
16	0	1	2	1	5	16	dssdbasic
17	0	1	2	1	6	17	dssdbasic
18	0	1	2	1	7	18	dssdbasic
19	0	1	2	1	8	19	dssdbasic
20	0	1	2	1	9	20	dssdbasic
21	0	1	2	1	10	21	dssdbasic
23	0	1	2	1	11	22	dssdbasic
24	0	1	2	2	0	23	dssdbasic
25	0	1	2	2	1	24	dssdbasic
26	0	1	2	2	2	25	dssdbasic
27	0	1	2	2	3	26	dssdbasic
28	0	1	2	2	4	27	dssdbasic
29	0	1	2	2	5	28	dssdbasic
30	0	1	2	2	6	29	dssdbasic
31	0	1	2	2	7	30	dssdbasic
32	0	1	2	2	8	31	dssdbasic
33	0	1	2	2	9	32	dssdbasic 
34	0	1	2	0	1	101	dssdbasic
35	0	1	2	0	2	102	dssdbasic
36	0	1	2	0	3	103	dssdbasic
37	0	1	2	0	4	104	dssdbasic
38	0	1	2	0	5	105	dssdbasic
39	0	1	2	0	6	106	dssdbasic	
40	0	1	2	0	7	107	dssdbasic
41	0	1	2	0	8	108	dssdbasic
42	0	1	2	0	9	109	dssdbasic
43	0	1	2	0	10	120	dssdbasic
44	0	1	2	1	0	111	dssdbasic
46	0	1	2	1	1	112	dssdbasic
47	0	1	2	1	2	113	dssdbasic
48	0	1	2	1	3	114	dssdbasic
49	0	1	2	1	4	115	dssdbasic
50	0	1	2	1	5	116	dssdbasic
51	0	1	2	1	6	117	dssdbasic
52	0	1	2	1	7	118	dssdbasic
53	0	1	2	1	8	119	dssdbasic
54	0	1	2	1	9	120	dssdbasic
55	0	1	2	1	10	121	dssdbasic
57	0	1	2	1	11	122	dssdbasic
58	0	1	2	2	0	123	dssdbasic
59	0	1	2	2	1	124	dssdbasic
60	0	1	2	2	2	125	dssdbasic
61	0	1	2	2	3	126	dssdbasic
62	0	1	2	2	4	127	dssdbasic
63	0	1	2	2	5	128	dssdbasic
64	0	1	2	2	6	129	dssdbasic
65	0	1	2	2	7	130	dssdbasic
66	0	1	2	2	8	131	dssdbasic
67	0	1	2	2	9	132	dssdbasic
0	1	1	2	2	10	33	dssdbasic
1	1	1	2	2	11	34	dssdbasic
2	1	1	2	3	0	35	dssdbasic
3	1	1	2	3	1	36	dssdbasic
4	1	1	2	3	2	37	dssdbasic
5	1	1	2	3	3	38	dssdbasic
6	1	1	2	3	4	39	dssdbasic
7	1	1	2	3	5	40	dssdbasic
8	1	1	2	3	6	41	dssdbasic
9	1	1	2	3	7	42	dssdbasic
10	1	1	2	3	8	43	dssdbasic
12	1	1	2	3	9	44	dssdbasic
13	1	1	2	3	10	45	dssdbasic
14	1	1	2	3	11	46	dssdbasic
15	1	1	2	4	0	47	dssdbasic
16	1	1	2	4	1	48	dssdbasic
17	1	1	2	4	2	49	dssdbasic
18	1	1	2	4	3	50	dssdbasic
19	1	1	2	4	4	51	dssdbasic
20	1	1	2	4	5	52	dssdbasic
21	1	1	2	4	6	53	dssdbasic
23	1	1	2	4	7	54	dssdbasic
24	1	1	2	4	8	55	dssdbasic
25	1	1	2	4	9	56	dssdbasic
26	1	1	2	4	10	57	dssdbasic
27	1	1	2	4	11	58	dssdbasic
28	1	1	2	5	0	59	dssdbasic
29	1	1	2	5	1	60	dssdbasic
30	1	1	2	5	2	61	dssdbasic
31	1	1	2	5	3	62	dssdbasic
32	1	1	2	5	4	63	dssdbasic
33	1	1	2	5	5	64	dssdbasic
34	1	1	2	2	10	133	dssdbasic
35	1	1	2	2	11	134	dssdbasic
36	1	1	2	3	0	135	dssdbasic
37	1	1	2	3	1	136	dssdbasic
38	1	1	2	3	2	137	dssdbasic
39	1	1	2	3	3	138	dssdbasic
40	1	1	2	3	4	139	dssdbasic
41	1	1	2	3	5	140	dssdbasic
42	1	1	2	3	6	141	dssdbasic
43	1	1	2	3	7	142	dssdbasic
44	1	1	2	3	8	143	dssdbasic
46	1	1	2	3	9	144	dssdbasic
47	1	1	2	3	10	145	dssdbasic
48	1	1	2	3	11	146	dssdbasic
49	1	1	2	4	0	147	dssdbasic
50	1	1	2	4	1	148	dssdbasic
51	1	1	2	4	2	149	dssdbasic
52	1	1	2	4	3	150	dssdbasic
53	1	1	2	4	4	151	dssdbasic
54	1	1	2	4	5	152	dssdbasic
55	1	1	2	4	6	153	dssdbasic
57	1	1	2	4	7	154	dssdbasic
58	1	1	2	4	8	155	dssdbasic
59	1	1	2	4	9	156	dssdbasic
60	1	1	2	4	10	157	dssdbasic
61	1	1	2	4	11	158	dssdbasic
62	1	1	2	5	0	159	dssdbasic
63	1	1	2	5	1	160	dssdbasic
64	1	1	2	5	2	161	dssdbasic
65	1	1	2	5	3	162	dssdbasic
66	1	1	2	5	4	163	dssdbasic
67	1	1	2	5	5	164	dssdbasic
0	2	1	2	5	6	65	dssdbasic
1	2	1	2	5	7	66	dssdbasic
2	2	1	2	5	8	67	dssdbasic
3	2	1	2	5	9	68	dssdbasic
4	2	1	2	5	10	69	dssdbasic
5	2	1	2	5	11	70	dssdbasic
6	2	1	2	6	1	71	dssdbasic
7	2	1	2	6	2	72	dssdbasic
8	2	1	2	6	3	73	dssdbasic
9	2	1	2	6	4	74	dssdbasic
10	2	1	2	6	5	75	dssdbasic
12	2	1	2	6	6	76	dssdbasic
13	2	1	2	6	7	77	dssdbasic
14	2	1	2	6	8	78	dssdbasic
15	2	1	2	6	9	79	dssdbasic
16	2	1	2	6	10	80	dssdbasic
17	2	1	2	5	6	165	dssdbasic
18	2	1	2	5	7	166	dssdbasic
19	2	1	2	5	8	167	dssdbasic
20	2	1	2	5	9	168	dssdbasic
21	2	1	2	5	10	169	dssdbasic
23	2	1	2	5	11	170	dssdbasic
24	2	1	2	6	1	171	dssdbasic
25	2	1	2	6	2	172	dssdbasic
26	2	1	2	6	3	173	dssdbasic
27	2	1	2	6	4	174	dssdbasic
28	2	1	2	6	5	175	dssdbasic
29	2	1	2	6	6	176	dssdbasic
30	2	1	2	6	7	177	dssdbasic
31	2	1	2	6	8	178	dssdbasic
32	2	1	2	6	9	179	dssdbasic
33	2	1	2	6	10	180	dssdbasic






























